
lat 400 1 0.0 0.0 11 11 13
203 203 203 203 203 203 203 203 203 203 203 
203 203 203 203 203 203 203 203 203 203 203 
203 203 203 203 203 203 203 203 203 203 203 
203 203 203 203 203 203 203 203 203 211 212 
203 203 203 203 203 203 203 203 215 216 271 
203 203 203 203 203 203 219 220 221 273 274 
203 203 203 203 203 225 226 277 278 279 331 
203 203 203 203 203 229 283 284 285 333 334 
203 203 203 203 231 232 289 290 337 338 339 
203 203 203 235 236 293 294 343 344 345 346 
203 203 203 239 297 298 351 352 353 354 355 
