lat 49 1 0.0 0.0 10 10 1.3
42 42 42 42 42 42 42 42 42 42
42 10 10 10 10 10 10 10 10 42
42 10 10 10 10 10 10 10 10 42
42 10 10 41 10 10 41 10 10 42
42 10 10 10 10 10 10 10 10 42
42 10 10 10 10 10 10 10 10 42
42 10 10 41 10 10 41 10 10 42
42 10 10 10 10 10 10 10 10 42
42 10 10 10 10 10 10 10 10 42
42 42 42 42 42 42 42 42 42 42

lat 50 1 0.0 0.0 10 10 1.3 
42 42 42 42 42 42 42 42 42 42
42 11 11 11 11 11 11 11 11 42
42 11 11 11 11 11 11 11 11 42
42 11 11 41 11 11 41 11 11 42
42 11 11 11 11 11 11 11 11 42
42 11 11 11 11 11 11 11 11 42
42 11 11 41 11 11 41 11 11 42
42 11 11 11 11 11 11 11 11 42
42 11 11 11 11 11 11 11 11 42
42 42 42 42 42 42 42 42 42 42


lat 51 1 0.0 0.0 10 10 1.3 
42 42 42 42 42 42 42 42 42 42
42 12 12 12 12 12 12 12 12 42
42 12 12 12 12 12 12 12 12 42
42 12 12 41 12 12 41 12 12 42
42 12 12 12 12 12 12 12 12 42
42 12 12 12 12 12 12 12 12 42
42 12 12 41 12 12 41 12 12 42
42 12 12 12 12 12 12 12 12 42
42 12 12 12 12 12 12 12 12 42
42 42 42 42 42 42 42 42 42 42


