
lat 300 1 0.0 0.0 22 22 13
150 150 150 150 150 150 150 150 150 150 150 150 150 150 150 150 150 150 150 150 150 150
150 150 150 150 150 150 150 150 150 150 150 150 150 150 150 150 150 150 150 150 150 150
150 150 150 150 150 150 150 150 150 150 150 150 150 150 150 150 150 150 150 150 150 150
150 150 150 150 150 150 150 150 150 49 49 49 49 150 150 150 150 150 150 150 150 150
150 150 150 150 150 150 150 150 49 49 50 50 49 49 150 150 150 150 150 150 150 150
150 150 150 150 150 150 49 49 49 50 50 50 50  49 49 49 150 150 150 150 150 150
150 150 150 150 150 49 49 50 50 50 51 51 50 50 50 49 49 150 150 150 150 150
150 150 150 150 150 49 50 50 50 51 51 51 51 50 50 50 49 150 150 150 150 150
150 150 150 150 49 49 50 50 51 51 51 51 51 51 50 50 49 49 150 150 150 150
150 150 150 49 49 50 50 51 51 51 51 51 51 51 51 50 50 49 49 150 150 150
150 150 150 49 50 50 51 51 51 51 51 51 51 51 51 51 50 50 49 150 150 150
150 150 150 49 50 50 51 51 51 51 51 51 51 51 51 51 50 50 49 150 150 150
150 150 150 49 49 50 50 51 51 51 51 51 51 51 51 50 50 49 49 150 150 150
150 150 150 150 49 49 50 50 51 51 51 51 51 51 50 50 49 49 150 150 150 150
150 150 150 150 150 49 50 50 50 51 51 51 51 50 50 50 49 150 150 150 150 150
150 150 150 150 150 49 49 50 50 50 51 51 50 50 50 49 49 150 150 150 150 150
150 150 150 150 150 150 49 49 49 50 50 50 50  49 49 49 150 150 150 150 150 150
150 150 150 150 150 150 150 150 49 49 50 50 49 49 150 150 150 150 150 150 150 150
150 150 150 150 150 150 150 150 150 49 49 49 49 150 150 150 150 150 150 150 150 150
150 150 150 150 150 150 150 150 150 150 150 150 150 150 150 150 150 150 150 150 150 150
150 150 150 150 150 150 150 150 150 150 150 150 150 150 150 150 150 150 150 150 150 150
150 150 150 150 150 150 150 150 150 150 150 150 150 150 150 150 150 150 150 150 150 150
