% 395 nuclides: transport only, since decay isotopes cant be used in
% new input decks.

set inventory
10010
10020
10030 
30060 
30070 
40090 
40100
50100
50110 
60140 
280660 
290660 
300660 
290670 
300670 
300680 
300690 
300691 
310690 
300700 
310700 
320700 
300710 
300711 
310710 
320710 
320711 
270720 
280720 
290720 
300720 
310720 
320720 
270730 
280730 
290730 
300730 
310730 
320730 
320731 
270740 
280740 
290740 
300740 
310740 
320740 
270750 
280750 
290750 
300750 
310750 
320750 
320751 
330750 
280760 
290760 
300760 
310760 
320760 
330760 
340760 
280770 
290770 
300770 
310770 
320770 
320771 
330770 
340770 
340771 
280780 
290780 
300780 
310780 
320780 
330780 
340780 
290790 
300790 
310790 
320790 
330790 
340790 
340791 
350790 
350791 
360790 
290800 
300800 
310800 
320800 
330800 
340800 
350800 
350801 
360800 
290810 
300810 
310810 
320810 
330810 
340810 
340811 
350810 
360810 
360811 
300820 
310820 
320820 
330820 
330821 
340820 
350820 
350821 
360820 
300830 
310830 
320830 
330830 
340830 
340831 
350830 
360830 
360831 
310840 
320840 
330840 
340840 
350840 
350841 
360840 
310850 
320850 
330850 
340850 
340851 
350850 
360850 
360851 
370850 
320860 
330860 
340860 
350860 
350861 
360860 
370860 
370861 
380860 
320870 
330870 
340870 
350870 
360870 
370870 
380870 
380871 
320880 
330880 
340880 
350880 
360880 
370880 
380880 
330890 
340890 
350890 
360890 
370890 
380890 
390890 
390891 
330900 
340900 
350900 
360900 
370900 
370901 
380900 
390900 
390901 
400900 
400901 
340910 
350910 
360910 
370910 
380910 
390910 
390911 
400910 
410910 
340920 
350920 
360920 
370920 
380920 
390920 
400920 
410920 
340930 
350930 
360930 
370930 
380930 
390930 
400930 
410930 
410931 
350940 
360940 
370940 
380940 
390940 
400940 
410940 
410941 
350950 
360950 
370950 
380950 
390950 
400950 
410950 
410951 
420950 
350960 
360960 
370960 
380960 
390960 
400960 
410960 
420960 
360970 
370970 
380970 
390970 
400970 
410970 
410971 
420970 
360980 
370980 
380980 
390980 
400980 
410980 
410981 
420980 
430980 
370990 
380990 
390990 
400990 
410990 
410991 
420990 
430990 
430991 
440990 
371000 
381000 
391000 
401000 
411000 
411001 
421000 
431000 
441000 
371010 
381010 
391010 
401010 
411010 
421010 
431010 
441010 
381020 
391020 
401020 
411020 
421020 
431020 
431021 
441020 
451020 
461020 
381030 
391030 
401030 
411030 
421030 
431030 
441030 
451030 
451031 
381040 
391040 
401040 
411040 
421040 
431040 
441040 
451040 
451041 
461040 
391050 
401050 
411050 
421050 
431050 
441050 
451050 
451051 
461050 
391060 
401060 
411060 
421060 
431060 
441060 
451060 
451061 
461060 
471060 
391070 
401070 
411070 
421070 
431070 
441070 
451070 
461070 
461071 
471070 
401080 
411080 
421080 
431080 
441080 
451080 
451081 
461080 
471080 
471081 
481080 
401090 
411090 
421090 
431090 
441090 
451090 
451091 
461090 
461091 
471090 
471091 
481090 
411100 
421100 
431100 
441100 
451100 
451101 
461100 
471100 
471101 
481100 
411110 
421110 
431110 
441110 
451110 
461110 
461111 
471110 
471111 
481110 
481111 
411120 
421120 
431120 
441120 
451120 
461120 
471120 
481120 
421130 
431130 
441130 
451130 
461130 
471130 
471131 
481130 
481131 
491130 
491131 
421140 
431140 
441140 
451140 
461140 
471140 
481140 
491140 
491141 
501140 
421150 
431150 
441150 
451150 
461150 
471150 
471151 
481150 
481151 
491150 
491151 
501150 
431160 
441160 
451160 
461160 
471160 
471161 
481160 
491160 
491161 
501160 
431170 
441170 
451170 
461170 
471170 
471171 
481170 
481171 
491170 
491171 
501170 
501171 
431180 
441180 
451180 
461180 
471180 
471181 
481180 
491180 
491181 
501180 
441190 
451190 
461190 
471190 
481190 
481191 
491190 
491191 
501190 
501191 
441200 
451200 
461200 
471200 
481200 
491200 
491201 
501200 
451210 
461210 
471210 
481210 
491210 
491211 
501210 
501211 
511210 
451220 
461220 
471220 
481220 
491220 
491221 
501220 
511220 
511221 
521220 
451230 
461230 
471230 
481230 
491230 
491231 
501230 
501231 
511230 
521230 
521231 
461240 
471240 
481240 
491240 
501240 
511240 
511241 
521240 
461250 
471250 
481250 
491250 
491251 
501250 
501251 
511250 
521250 
521251 
461260 
471260 
481260 
491260 
501260 
511260 
511261 
521260 
471270 
541260 
481270 
491270 
491271 
501270 
501271 
511270 
521270 
521271 
531270 
541270 
471280 
481280 
491280 
501280 
511280 
511281 
521280 
531280 
541280 
481290 
491290 
501290 
501291 
511290 
521290 
521291 
531290 
541290 
541291 
481300 
491300 
501300 
511300 
511301 
521300 
531300 
531301 
541300 
481310 
491310 
501310 
511310 
521310 
521311 
531310 
541310 
541311 
481320 
491320 
501320 
511320 
511321 
521320 
531320 
541320 
551320 
561320 
491330 
501330 
511330 
521330 
521331 
531330 
531331 
541330 
541331 
551330 
561330 
491340 
501340 
511340 
511341 
521340 
531340 
531341 
541340 
541341 
551340 
551341 
561340 
501350 
511350 
521350 
531350 
541350 
541351 
551350 
551351 
561350 
561351 
501360 
511360 
521360 
531360 
531361 
541360 
551360 
561360 
561361 
511370 
521370 
531370 
541370 
551370 
561370 
561371 
511380 
521380 
531380 
541380 
551380 
551381 
561380 
571380 
511390 
521390 
531390 
541390 
551390 
561390 
571390 
581390 
591390 
521400 
531400 
541400 
551400 
561400 
571400 
581400 
591400 
521410 
531410 
541410 
551410 
561410 
571410 
581410 
591410 
601410 
521420 
531420 
541420 
551420 
561420 
571420 
581420 
591420 
591421 
601420 
531430 
541430 
551430 
561430 
571430 
581430 
591430 
601430 
531440 
541440 
551440 
561440 
571440 
581440 
591440 
591441 
601440 
531450 
541450 
551450 
561450 
571450 
581450 
591450 
601450 
611450 
621450 
541460 
551460 
561460 
571460 
581460 
591460 
601460 
611460 
621460 
541470 
551470 
561470 
571470 
581470 
591470 
601470 
611470 
621470 
551480 
561480 
571480 
581480 
591480 
601480 
611480 
611481 
621480 
551490 
561490 
571490 
581490 
591490 
601490 
611490 
621490 
631490 
551500 
561500 
571500 
581500 
591500 
601500 
611500 
621500 
631500 
561510 
571510 
581510 
591510 
601510 
611510 
621510 
631510 
561520 
571520 
581520 
591520 
601520 
611520 
611521 
621520 
631520 
631521 
641520 
571530 
581530 
591530 
601530 
611530 
621530 
631530 
641530 
571540 
581540 
591540 
601540 
611540 
611541 
621540 
631540 
641540 
571550 
581550 
591550 
601550 
611550 
621550 
631550 
641551 
641550 
581560 
591560 
601560 
611560 
621560 
631560 
641560 
581570 
591570 
601570 
611570 
621570 
631570 
641570 
591580 
601580 
611580 
621580 
631580 
641580 
591590 
601590 
611590 
621590 
631590 
641590 
651590 
601600 
611600 
621600 
631600 
641600 
651600 
661600 
601610 
611610 
621610 
631610 
641610 
651610 
661610 
611620 
621620 
631620 
641620 
651620 
651621 
661620 
621630 
631630 
641630 
651630 
651631 
661630 
621640 
631640 
641640 
651640 
661640 
621650 
631650 
641650 
651650 
661650 
661651 
671650 
661660 
671660 
671661 
681660 
681670 
681671 
681680 
701680 
681690 
691690 
701690 
681700 
691700 
691701 
701700 
681710 
691710 
701710 
681720 
691720 
701720 
20040 
812060 
812070 
812080 
812090 
822060 
822070 
822080 
822090 
822100 
822110 
822120 
822140 
832080 
832090 
832101 
832100 
832110 
832120 
832130 
832140 
842100 
842111 
842110 
842120 
842130 
842140 
842150 
842160 
842180 
852170 
862180 
862190 
862200 
862220 
872210 
872230 
882220 
882230 
882240 
882250 
882260 
882280 
892250 
892270 
892280 
902260 
902270 
902280 
902290 
902300 
902310 
902320 
902330 
902340 
912310 
912320 
912330 
912341 
912340 
912350 
922300 
922310 
922320 
922330 
922340 
922350 
922360 
922370 
922380 
922390 
922400 
922410 
932350 
932361 
932360 
932370 
932380 
932390 
932401 
932400 
932410 
942360 
942370 
942380 
942390 
942400 
942410 
942420 
942430 
942440 
942450 
942460 
952390 
952400 
952410 
952421 
952420 
952430 
952441 
952440 
952450 
952460 
962410 
962420 
962430 
962440 
962450 
962460 
962470 
962480 
962490 
962500 
962510 
972490 
972500 
972510 
982490 
982500 
982510 
982520 
982530 
982540 
982550 
992530 
992541 
992540 
992550
 20000
 20030
 40070
 60000
 60120
 70140
 70150
 80160
 80170
 90190
110220
110230
120000
120240
120250
120260
130270
140000
140280
140290
140300
150310
160000
160320
160330
160340
160360
170000
170350
170370
180360
180380
180400
190000
190390
190400
190410
200000
200400
200420
200430
200440
200460
200480
210450
220000
220460
220470
220480
220490
220500
230000
230510
240000
240500
240520
240530
240540
250550
260000
260540
260560
260570
260580
270580
270590
270581
280000
280580
280590
280600
280610
280620
280640
290000
290630
290650
300000
300640
310000
320000
330740
340740
360780
380840
400000
420000
420920
420940
440960
440980
470000
480000
481060
490000
500000
501120
501130
510000
521200
541230
541240
561300
581360
581380
620000
621440
630000
640000
661560
661580
681620
681640
710000
711750
711760
720000
721740
721760
721770
721780
721790
721800
731810
731820
740000
741820
741830
741840
741860
750000
751850
751870
760000
770000
771910
771930
780000
791970
800000
801960
801980
801990
802000
802010
802020
802040
810000
820000
822040
892260
962400
972470
1002550 
