lat 210 1 0.0 0.0 10 10 1.3 
202 202 202 202 202 202 202 202 202 202
202 10 10 10 10 10 10 10 10 202
202 10 10 10 10 10 10 10 10 202
202 10 10 201 10 10 201 10 10 202
202 10 10 10 10 10 10 10 10 202
202 10 10 10 10 10 10 10 10 202
202 10 10 201 10 10 201 10 10 202
202 10 10 10 10 10 10 10 10 202
202 10 10 10 10 10 10 10 10 202
202 202 202 202 202 202 202 202 202 202


lat 211 1 0.0 0.0 10 10 1.3 
202 202 202 202 202 202 202 202 202 202
202 11 11 11 11 11 11 11 11 202
202 11 11 11 11 11 11 11 11 202
202 11 11 201 11 11 201 11 11 202
202 11 11 11 11 11 11 11 11 202
202 11 11 11 11 11 11 11 11 202
202 11 11 201 11 11 201 11 11 202
202 11 11 11 11 11 11 11 11 202
202 11 11 11 11 11 11 11 11 202
202 202 202 202 202 202 202 202 202 202


lat 212 1 0.0 0.0 10 10 1.3 
202 202 202 202 202 202 202 202 202 202
202 12 12 12 12 12 12 12 12 202
202 12 12 12 12 12 12 12 12 202
202 12 12 201 12 12 201 12 12 202
202 12 12 12 12 12 12 12 12 202
202 12 12 12 12 12 12 12 12 202
202 12 12 201 12 12 201 12 12 202
202 12 12 12 12 12 12 12 12 202
202 12 12 12 12 12 12 12 12 202
202 202 202 202 202 202 202 202 202 202


lat 213 1 0.0 0.0 10 10 1.3 
202 202 202 202 202 202 202 202 202 202
202 13 13 13 13 13 13 13 13 202
202 13 13 13 13 13 13 13 13 202
202 13 13 201 13 13 201 13 13 202
202 13 13 13 13 13 13 13 13 202
202 13 13 13 13 13 13 13 13 202
202 13 13 201 13 13 201 13 13 202
202 13 13 13 13 13 13 13 13 202
202 13 13 13 13 13 13 13 13 202
202 202 202 202 202 202 202 202 202 202


lat 214 1 0.0 0.0 10 10 1.3 
202 202 202 202 202 202 202 202 202 202
202 14 14 14 14 14 14 14 14 202
202 14 14 14 14 14 14 14 14 202
202 14 14 201 14 14 201 14 14 202
202 14 14 14 14 14 14 14 14 202
202 14 14 14 14 14 14 14 14 202
202 14 14 201 14 14 201 14 14 202
202 14 14 14 14 14 14 14 14 202
202 14 14 14 14 14 14 14 14 202
202 202 202 202 202 202 202 202 202 202


lat 215 1 0.0 0.0 10 10 1.3 
202 202 202 202 202 202 202 202 202 202
202 15 15 15 15 15 15 15 15 202
202 15 15 15 15 15 15 15 15 202
202 15 15 201 15 15 201 15 15 202
202 15 15 15 15 15 15 15 15 202
202 15 15 15 15 15 15 15 15 202
202 15 15 201 15 15 201 15 15 202
202 15 15 15 15 15 15 15 15 202
202 15 15 15 15 15 15 15 15 202
202 202 202 202 202 202 202 202 202 202


lat 216 1 0.0 0.0 10 10 1.3 
202 202 202 202 202 202 202 202 202 202
202 16 16 16 16 16 16 16 16 202
202 16 16 16 16 16 16 16 16 202
202 16 16 201 16 16 201 16 16 202
202 16 16 16 16 16 16 16 16 202
202 16 16 16 16 16 16 16 16 202
202 16 16 201 16 16 201 16 16 202
202 16 16 16 16 16 16 16 16 202
202 16 16 16 16 16 16 16 16 202
202 202 202 202 202 202 202 202 202 202


lat 217 1 0.0 0.0 10 10 1.3 
202 202 202 202 202 202 202 202 202 202
202 17 17 17 17 17 17 17 17 202
202 17 17 17 17 17 17 17 17 202
202 17 17 201 17 17 201 17 17 202
202 17 17 17 17 17 17 17 17 202
202 17 17 17 17 17 17 17 17 202
202 17 17 201 17 17 201 17 17 202
202 17 17 17 17 17 17 17 17 202
202 17 17 17 17 17 17 17 17 202
202 202 202 202 202 202 202 202 202 202


lat 218 1 0.0 0.0 10 10 1.3 
202 202 202 202 202 202 202 202 202 202
202 18 18 18 18 18 18 18 18 202
202 18 18 18 18 18 18 18 18 202
202 18 18 201 18 18 201 18 18 202
202 18 18 18 18 18 18 18 18 202
202 18 18 18 18 18 18 18 18 202
202 18 18 201 18 18 201 18 18 202
202 18 18 18 18 18 18 18 18 202
202 18 18 18 18 18 18 18 18 202
202 202 202 202 202 202 202 202 202 202


lat 219 1 0.0 0.0 10 10 1.3 
202 202 202 202 202 202 202 202 202 202
202 19 19 19 19 19 19 19 19 202
202 19 19 19 19 19 19 19 19 202
202 19 19 201 19 19 201 19 19 202
202 19 19 19 19 19 19 19 19 202
202 19 19 19 19 19 19 19 19 202
202 19 19 201 19 19 201 19 19 202
202 19 19 19 19 19 19 19 19 202
202 19 19 19 19 19 19 19 19 202
202 202 202 202 202 202 202 202 202 202


lat 220 1 0.0 0.0 10 10 1.3 
202 202 202 202 202 202 202 202 202 202
202 20 20 20 20 20 20 20 20 202
202 20 20 20 20 20 20 20 20 202
202 20 20 201 20 20 201 20 20 202
202 20 20 20 20 20 20 20 20 202
202 20 20 20 20 20 20 20 20 202
202 20 20 201 20 20 201 20 20 202
202 20 20 20 20 20 20 20 20 202
202 20 20 20 20 20 20 20 20 202
202 202 202 202 202 202 202 202 202 202


lat 221 1 0.0 0.0 10 10 1.3 
202 202 202 202 202 202 202 202 202 202
202 21 21 21 21 21 21 21 21 202
202 21 21 21 21 21 21 21 21 202
202 21 21 201 21 21 201 21 21 202
202 21 21 21 21 21 21 21 21 202
202 21 21 21 21 21 21 21 21 202
202 21 21 201 21 21 201 21 21 202
202 21 21 21 21 21 21 21 21 202
202 21 21 21 21 21 21 21 21 202
202 202 202 202 202 202 202 202 202 202


lat 222 1 0.0 0.0 10 10 1.3 
202 202 202 202 202 202 202 202 202 202
202 22 22 22 22 22 22 22 22 202
202 22 22 22 22 22 22 22 22 202
202 22 22 201 22 22 201 22 22 202
202 22 22 22 22 22 22 22 22 202
202 22 22 22 22 22 22 22 22 202
202 22 22 201 22 22 201 22 22 202
202 22 22 22 22 22 22 22 22 202
202 22 22 22 22 22 22 22 22 202
202 202 202 202 202 202 202 202 202 202


lat 223 1 0.0 0.0 10 10 1.3 
202 202 202 202 202 202 202 202 202 202
202 23 23 23 23 23 23 23 23 202
202 23 23 23 23 23 23 23 23 202
202 23 23 201 23 23 201 23 23 202
202 23 23 23 23 23 23 23 23 202
202 23 23 23 23 23 23 23 23 202
202 23 23 201 23 23 201 23 23 202
202 23 23 23 23 23 23 23 23 202
202 23 23 23 23 23 23 23 23 202
202 202 202 202 202 202 202 202 202 202


lat 224 1 0.0 0.0 10 10 1.3 
202 202 202 202 202 202 202 202 202 202
202 24 24 24 24 24 24 24 24 202
202 24 24 24 24 24 24 24 24 202
202 24 24 201 24 24 201 24 24 202
202 24 24 24 24 24 24 24 24 202
202 24 24 24 24 24 24 24 24 202
202 24 24 201 24 24 201 24 24 202
202 24 24 24 24 24 24 24 24 202
202 24 24 24 24 24 24 24 24 202
202 202 202 202 202 202 202 202 202 202


lat 225 1 0.0 0.0 10 10 1.3 
202 202 202 202 202 202 202 202 202 202
202 25 25 25 25 25 25 25 25 202
202 25 25 25 25 25 25 25 25 202
202 25 25 201 25 25 201 25 25 202
202 25 25 25 25 25 25 25 25 202
202 25 25 25 25 25 25 25 25 202
202 25 25 201 25 25 201 25 25 202
202 25 25 25 25 25 25 25 25 202
202 25 25 25 25 25 25 25 25 202
202 202 202 202 202 202 202 202 202 202


lat 226 1 0.0 0.0 10 10 1.3 
202 202 202 202 202 202 202 202 202 202
202 26 26 26 26 26 26 26 26 202
202 26 26 26 26 26 26 26 26 202
202 26 26 201 26 26 201 26 26 202
202 26 26 26 26 26 26 26 26 202
202 26 26 26 26 26 26 26 26 202
202 26 26 201 26 26 201 26 26 202
202 26 26 26 26 26 26 26 26 202
202 26 26 26 26 26 26 26 26 202
202 202 202 202 202 202 202 202 202 202


lat 227 1 0.0 0.0 10 10 1.3 
202 202 202 202 202 202 202 202 202 202
202 27 27 27 27 27 27 27 27 202
202 27 27 27 27 27 27 27 27 202
202 27 27 201 27 27 201 27 27 202
202 27 27 27 27 27 27 27 27 202
202 27 27 27 27 27 27 27 27 202
202 27 27 201 27 27 201 27 27 202
202 27 27 27 27 27 27 27 27 202
202 27 27 27 27 27 27 27 27 202
202 202 202 202 202 202 202 202 202 202


lat 228 1 0.0 0.0 10 10 1.3 
202 202 202 202 202 202 202 202 202 202
202 28 28 28 28 28 28 28 28 202
202 28 28 28 28 28 28 28 28 202
202 28 28 201 28 28 201 28 28 202
202 28 28 28 28 28 28 28 28 202
202 28 28 28 28 28 28 28 28 202
202 28 28 201 28 28 201 28 28 202
202 28 28 28 28 28 28 28 28 202
202 28 28 28 28 28 28 28 28 202
202 202 202 202 202 202 202 202 202 202


lat 229 1 0.0 0.0 10 10 1.3 
202 202 202 202 202 202 202 202 202 202
202 29 29 29 29 29 29 29 29 202
202 29 29 29 29 29 29 29 29 202
202 29 29 201 29 29 201 29 29 202
202 29 29 29 29 29 29 29 29 202
202 29 29 29 29 29 29 29 29 202
202 29 29 201 29 29 201 29 29 202
202 29 29 29 29 29 29 29 29 202
202 29 29 29 29 29 29 29 29 202
202 202 202 202 202 202 202 202 202 202


lat 230 1 0.0 0.0 10 10 1.3 
202 202 202 202 202 202 202 202 202 202
202 30 30 30 30 30 30 30 30 202
202 30 30 30 30 30 30 30 30 202
202 30 30 201 30 30 201 30 30 202
202 30 30 30 30 30 30 30 30 202
202 30 30 30 30 30 30 30 30 202
202 30 30 201 30 30 201 30 30 202
202 30 30 30 30 30 30 30 30 202
202 30 30 30 30 30 30 30 30 202
202 202 202 202 202 202 202 202 202 202


lat 231 1 0.0 0.0 10 10 1.3 
202 202 202 202 202 202 202 202 202 202
202 31 31 31 31 31 31 31 31 202
202 31 31 31 31 31 31 31 31 202
202 31 31 201 31 31 201 31 31 202
202 31 31 31 31 31 31 31 31 202
202 31 31 31 31 31 31 31 31 202
202 31 31 201 31 31 201 31 31 202
202 31 31 31 31 31 31 31 31 202
202 31 31 31 31 31 31 31 31 202
202 202 202 202 202 202 202 202 202 202


lat 232 1 0.0 0.0 10 10 1.3 
202 202 202 202 202 202 202 202 202 202
202 32 32 32 32 32 32 32 32 202
202 32 32 32 32 32 32 32 32 202
202 32 32 201 32 32 201 32 32 202
202 32 32 32 32 32 32 32 32 202
202 32 32 32 32 32 32 32 32 202
202 32 32 201 32 32 201 32 32 202
202 32 32 32 32 32 32 32 32 202
202 32 32 32 32 32 32 32 32 202
202 202 202 202 202 202 202 202 202 202


lat 233 1 0.0 0.0 10 10 1.3 
202 202 202 202 202 202 202 202 202 202
202 33 33 33 33 33 33 33 33 202
202 33 33 33 33 33 33 33 33 202
202 33 33 201 33 33 201 33 33 202
202 33 33 33 33 33 33 33 33 202
202 33 33 33 33 33 33 33 33 202
202 33 33 201 33 33 201 33 33 202
202 33 33 33 33 33 33 33 33 202
202 33 33 33 33 33 33 33 33 202
202 202 202 202 202 202 202 202 202 202


lat 234 1 0.0 0.0 10 10 1.3 
202 202 202 202 202 202 202 202 202 202
202 34 34 34 34 34 34 34 34 202
202 34 34 34 34 34 34 34 34 202
202 34 34 201 34 34 201 34 34 202
202 34 34 34 34 34 34 34 34 202
202 34 34 34 34 34 34 34 34 202
202 34 34 201 34 34 201 34 34 202
202 34 34 34 34 34 34 34 34 202
202 34 34 34 34 34 34 34 34 202
202 202 202 202 202 202 202 202 202 202


lat 235 1 0.0 0.0 10 10 1.3 
202 202 202 202 202 202 202 202 202 202
202 35 35 35 35 35 35 35 35 202
202 35 35 35 35 35 35 35 35 202
202 35 35 201 35 35 201 35 35 202
202 35 35 35 35 35 35 35 35 202
202 35 35 35 35 35 35 35 35 202
202 35 35 201 35 35 201 35 35 202
202 35 35 35 35 35 35 35 35 202
202 35 35 35 35 35 35 35 35 202
202 202 202 202 202 202 202 202 202 202


lat 236 1 0.0 0.0 10 10 1.3 
202 202 202 202 202 202 202 202 202 202
202 36 36 36 36 36 36 36 36 202
202 36 36 36 36 36 36 36 36 202
202 36 36 201 36 36 201 36 36 202
202 36 36 36 36 36 36 36 36 202
202 36 36 36 36 36 36 36 36 202
202 36 36 201 36 36 201 36 36 202
202 36 36 36 36 36 36 36 36 202
202 36 36 36 36 36 36 36 36 202
202 202 202 202 202 202 202 202 202 202


lat 237 1 0.0 0.0 10 10 1.3 
202 202 202 202 202 202 202 202 202 202
202 37 37 37 37 37 37 37 37 202
202 37 37 37 37 37 37 37 37 202
202 37 37 201 37 37 201 37 37 202
202 37 37 37 37 37 37 37 37 202
202 37 37 37 37 37 37 37 37 202
202 37 37 201 37 37 201 37 37 202
202 37 37 37 37 37 37 37 37 202
202 37 37 37 37 37 37 37 37 202
202 202 202 202 202 202 202 202 202 202


lat 238 1 0.0 0.0 10 10 1.3 
202 202 202 202 202 202 202 202 202 202
202 38 38 38 38 38 38 38 38 202
202 38 38 38 38 38 38 38 38 202
202 38 38 201 38 38 201 38 38 202
202 38 38 38 38 38 38 38 38 202
202 38 38 38 38 38 38 38 38 202
202 38 38 201 38 38 201 38 38 202
202 38 38 38 38 38 38 38 38 202
202 38 38 38 38 38 38 38 38 202
202 202 202 202 202 202 202 202 202 202


lat 239 1 0.0 0.0 10 10 1.3 
202 202 202 202 202 202 202 202 202 202
202 39 39 39 39 39 39 39 39 202
202 39 39 39 39 39 39 39 39 202
202 39 39 201 39 39 201 39 39 202
202 39 39 39 39 39 39 39 39 202
202 39 39 39 39 39 39 39 39 202
202 39 39 201 39 39 201 39 39 202
202 39 39 39 39 39 39 39 39 202
202 39 39 39 39 39 39 39 39 202
202 202 202 202 202 202 202 202 202 202


lat 240 1 0.0 0.0 10 10 1.3 
202 202 202 202 202 202 202 202 202 202
202 40 40 40 40 40 40 40 40 202
202 40 40 40 40 40 40 40 40 202
202 40 40 201 40 40 201 40 40 202
202 40 40 40 40 40 40 40 40 202
202 40 40 40 40 40 40 40 40 202
202 40 40 201 40 40 201 40 40 202
202 40 40 40 40 40 40 40 40 202
202 40 40 40 40 40 40 40 40 202
202 202 202 202 202 202 202 202 202 202


lat 241 1 0.0 0.0 10 10 1.3 
202 202 202 202 202 202 202 202 202 202
202 41 41 41 41 41 41 41 41 202
202 41 41 41 41 41 41 41 41 202
202 41 41 201 41 41 201 41 41 202
202 41 41 41 41 41 41 41 41 202
202 41 41 41 41 41 41 41 41 202
202 41 41 201 41 41 201 41 41 202
202 41 41 41 41 41 41 41 41 202
202 41 41 41 41 41 41 41 41 202
202 202 202 202 202 202 202 202 202 202


lat 242 1 0.0 0.0 10 10 1.3 
202 202 202 202 202 202 202 202 202 202
202 42 42 42 42 42 42 42 42 202
202 42 42 42 42 42 42 42 42 202
202 42 42 201 42 42 201 42 42 202
202 42 42 42 42 42 42 42 42 202
202 42 42 42 42 42 42 42 42 202
202 42 42 201 42 42 201 42 42 202
202 42 42 42 42 42 42 42 42 202
202 42 42 42 42 42 42 42 42 202
202 202 202 202 202 202 202 202 202 202


lat 243 1 0.0 0.0 10 10 1.3 
202 202 202 202 202 202 202 202 202 202
202 43 43 43 43 43 43 43 43 202
202 43 43 43 43 43 43 43 43 202
202 43 43 201 43 43 201 43 43 202
202 43 43 43 43 43 43 43 43 202
202 43 43 43 43 43 43 43 43 202
202 43 43 201 43 43 201 43 43 202
202 43 43 43 43 43 43 43 43 202
202 43 43 43 43 43 43 43 43 202
202 202 202 202 202 202 202 202 202 202


lat 244 1 0.0 0.0 10 10 1.3 
202 202 202 202 202 202 202 202 202 202
202 44 44 44 44 44 44 44 44 202
202 44 44 44 44 44 44 44 44 202
202 44 44 201 44 44 201 44 44 202
202 44 44 44 44 44 44 44 44 202
202 44 44 44 44 44 44 44 44 202
202 44 44 201 44 44 201 44 44 202
202 44 44 44 44 44 44 44 44 202
202 44 44 44 44 44 44 44 44 202
202 202 202 202 202 202 202 202 202 202


lat 245 1 0.0 0.0 10 10 1.3 
202 202 202 202 202 202 202 202 202 202
202 45 45 45 45 45 45 45 45 202
202 45 45 45 45 45 45 45 45 202
202 45 45 201 45 45 201 45 45 202
202 45 45 45 45 45 45 45 45 202
202 45 45 45 45 45 45 45 45 202
202 45 45 201 45 45 201 45 45 202
202 45 45 45 45 45 45 45 45 202
202 45 45 45 45 45 45 45 45 202
202 202 202 202 202 202 202 202 202 202


lat 246 1 0.0 0.0 10 10 1.3 
202 202 202 202 202 202 202 202 202 202
202 46 46 46 46 46 46 46 46 202
202 46 46 46 46 46 46 46 46 202
202 46 46 201 46 46 201 46 46 202
202 46 46 46 46 46 46 46 46 202
202 46 46 46 46 46 46 46 46 202
202 46 46 201 46 46 201 46 46 202
202 46 46 46 46 46 46 46 46 202
202 46 46 46 46 46 46 46 46 202
202 202 202 202 202 202 202 202 202 202


lat 247 1 0.0 0.0 10 10 1.3 
202 202 202 202 202 202 202 202 202 202
202 47 47 47 47 47 47 47 47 202
202 47 47 47 47 47 47 47 47 202
202 47 47 201 47 47 201 47 47 202
202 47 47 47 47 47 47 47 47 202
202 47 47 47 47 47 47 47 47 202
202 47 47 201 47 47 201 47 47 202
202 47 47 47 47 47 47 47 47 202
202 47 47 47 47 47 47 47 47 202
202 202 202 202 202 202 202 202 202 202


lat 248 1 0.0 0.0 10 10 1.3 
202 202 202 202 202 202 202 202 202 202
202 48 48 48 48 48 48 48 48 202
202 48 48 48 48 48 48 48 48 202
202 48 48 201 48 48 201 48 48 202
202 48 48 48 48 48 48 48 48 202
202 48 48 48 48 48 48 48 48 202
202 48 48 201 48 48 201 48 48 202
202 48 48 48 48 48 48 48 48 202
202 48 48 48 48 48 48 48 48 202
202 202 202 202 202 202 202 202 202 202


lat 249 1 0.0 0.0 10 10 1.3 
202 202 202 202 202 202 202 202 202 202
202 49 49 49 49 49 49 49 49 202
202 49 49 49 49 49 49 49 49 202
202 49 49 201 49 49 201 49 49 202
202 49 49 49 49 49 49 49 49 202
202 49 49 49 49 49 49 49 49 202
202 49 49 201 49 49 201 49 49 202
202 49 49 49 49 49 49 49 49 202
202 49 49 49 49 49 49 49 49 202
202 202 202 202 202 202 202 202 202 202


lat 250 1 0.0 0.0 10 10 1.3 
202 202 202 202 202 202 202 202 202 202
202 50 50 50 50 50 50 50 50 202
202 50 50 50 50 50 50 50 50 202
202 50 50 201 50 50 201 50 50 202
202 50 50 50 50 50 50 50 50 202
202 50 50 50 50 50 50 50 50 202
202 50 50 201 50 50 201 50 50 202
202 50 50 50 50 50 50 50 50 202
202 50 50 50 50 50 50 50 50 202
202 202 202 202 202 202 202 202 202 202


lat 251 1 0.0 0.0 10 10 1.3 
202 202 202 202 202 202 202 202 202 202
202 51 51 51 51 51 51 51 51 202
202 51 51 51 51 51 51 51 51 202
202 51 51 201 51 51 201 51 51 202
202 51 51 51 51 51 51 51 51 202
202 51 51 51 51 51 51 51 51 202
202 51 51 201 51 51 201 51 51 202
202 51 51 51 51 51 51 51 51 202
202 51 51 51 51 51 51 51 51 202
202 202 202 202 202 202 202 202 202 202


lat 252 1 0.0 0.0 10 10 1.3 
202 202 202 202 202 202 202 202 202 202
202 52 52 52 52 52 52 52 52 202
202 52 52 52 52 52 52 52 52 202
202 52 52 201 52 52 201 52 52 202
202 52 52 52 52 52 52 52 52 202
202 52 52 52 52 52 52 52 52 202
202 52 52 201 52 52 201 52 52 202
202 52 52 52 52 52 52 52 52 202
202 52 52 52 52 52 52 52 52 202
202 202 202 202 202 202 202 202 202 202


lat 253 1 0.0 0.0 10 10 1.3 
202 202 202 202 202 202 202 202 202 202
202 53 53 53 53 53 53 53 53 202
202 53 53 53 53 53 53 53 53 202
202 53 53 201 53 53 201 53 53 202
202 53 53 53 53 53 53 53 53 202
202 53 53 53 53 53 53 53 53 202
202 53 53 201 53 53 201 53 53 202
202 53 53 53 53 53 53 53 53 202
202 53 53 53 53 53 53 53 53 202
202 202 202 202 202 202 202 202 202 202


lat 254 1 0.0 0.0 10 10 1.3 
202 202 202 202 202 202 202 202 202 202
202 54 54 54 54 54 54 54 54 202
202 54 54 54 54 54 54 54 54 202
202 54 54 201 54 54 201 54 54 202
202 54 54 54 54 54 54 54 54 202
202 54 54 54 54 54 54 54 54 202
202 54 54 201 54 54 201 54 54 202
202 54 54 54 54 54 54 54 54 202
202 54 54 54 54 54 54 54 54 202
202 202 202 202 202 202 202 202 202 202


lat 255 1 0.0 0.0 10 10 1.3 
202 202 202 202 202 202 202 202 202 202
202 55 55 55 55 55 55 55 55 202
202 55 55 55 55 55 55 55 55 202
202 55 55 201 55 55 201 55 55 202
202 55 55 55 55 55 55 55 55 202
202 55 55 55 55 55 55 55 55 202
202 55 55 201 55 55 201 55 55 202
202 55 55 55 55 55 55 55 55 202
202 55 55 55 55 55 55 55 55 202
202 202 202 202 202 202 202 202 202 202


lat 256 1 0.0 0.0 10 10 1.3 
202 202 202 202 202 202 202 202 202 202
202 56 56 56 56 56 56 56 56 202
202 56 56 56 56 56 56 56 56 202
202 56 56 201 56 56 201 56 56 202
202 56 56 56 56 56 56 56 56 202
202 56 56 56 56 56 56 56 56 202
202 56 56 201 56 56 201 56 56 202
202 56 56 56 56 56 56 56 56 202
202 56 56 56 56 56 56 56 56 202
202 202 202 202 202 202 202 202 202 202


lat 257 1 0.0 0.0 10 10 1.3 
202 202 202 202 202 202 202 202 202 202
202 57 57 57 57 57 57 57 57 202
202 57 57 57 57 57 57 57 57 202
202 57 57 201 57 57 201 57 57 202
202 57 57 57 57 57 57 57 57 202
202 57 57 57 57 57 57 57 57 202
202 57 57 201 57 57 201 57 57 202
202 57 57 57 57 57 57 57 57 202
202 57 57 57 57 57 57 57 57 202
202 202 202 202 202 202 202 202 202 202


lat 258 1 0.0 0.0 10 10 1.3 
202 202 202 202 202 202 202 202 202 202
202 58 58 58 58 58 58 58 58 202
202 58 58 58 58 58 58 58 58 202
202 58 58 201 58 58 201 58 58 202
202 58 58 58 58 58 58 58 58 202
202 58 58 58 58 58 58 58 58 202
202 58 58 201 58 58 201 58 58 202
202 58 58 58 58 58 58 58 58 202
202 58 58 58 58 58 58 58 58 202
202 202 202 202 202 202 202 202 202 202


lat 259 1 0.0 0.0 10 10 1.3 
202 202 202 202 202 202 202 202 202 202
202 59 59 59 59 59 59 59 59 202
202 59 59 59 59 59 59 59 59 202
202 59 59 201 59 59 201 59 59 202
202 59 59 59 59 59 59 59 59 202
202 59 59 59 59 59 59 59 59 202
202 59 59 201 59 59 201 59 59 202
202 59 59 59 59 59 59 59 59 202
202 59 59 59 59 59 59 59 59 202
202 202 202 202 202 202 202 202 202 202


lat 260 1 0.0 0.0 10 10 1.3 
202 202 202 202 202 202 202 202 202 202
202 60 60 60 60 60 60 60 60 202
202 60 60 60 60 60 60 60 60 202
202 60 60 201 60 60 201 60 60 202
202 60 60 60 60 60 60 60 60 202
202 60 60 60 60 60 60 60 60 202
202 60 60 201 60 60 201 60 60 202
202 60 60 60 60 60 60 60 60 202
202 60 60 60 60 60 60 60 60 202
202 202 202 202 202 202 202 202 202 202


lat 261 1 0.0 0.0 10 10 1.3 
202 202 202 202 202 202 202 202 202 202
202 61 61 61 61 61 61 61 61 202
202 61 61 61 61 61 61 61 61 202
202 61 61 201 61 61 201 61 61 202
202 61 61 61 61 61 61 61 61 202
202 61 61 61 61 61 61 61 61 202
202 61 61 201 61 61 201 61 61 202
202 61 61 61 61 61 61 61 61 202
202 61 61 61 61 61 61 61 61 202
202 202 202 202 202 202 202 202 202 202


lat 262 1 0.0 0.0 10 10 1.3 
202 202 202 202 202 202 202 202 202 202
202 62 62 62 62 62 62 62 62 202
202 62 62 62 62 62 62 62 62 202
202 62 62 201 62 62 201 62 62 202
202 62 62 62 62 62 62 62 62 202
202 62 62 62 62 62 62 62 62 202
202 62 62 201 62 62 201 62 62 202
202 62 62 62 62 62 62 62 62 202
202 62 62 62 62 62 62 62 62 202
202 202 202 202 202 202 202 202 202 202


lat 263 1 0.0 0.0 10 10 1.3 
202 202 202 202 202 202 202 202 202 202
202 63 63 63 63 63 63 63 63 202
202 63 63 63 63 63 63 63 63 202
202 63 63 201 63 63 201 63 63 202
202 63 63 63 63 63 63 63 63 202
202 63 63 63 63 63 63 63 63 202
202 63 63 201 63 63 201 63 63 202
202 63 63 63 63 63 63 63 63 202
202 63 63 63 63 63 63 63 63 202
202 202 202 202 202 202 202 202 202 202


lat 264 1 0.0 0.0 10 10 1.3 
202 202 202 202 202 202 202 202 202 202
202 64 64 64 64 64 64 64 64 202
202 64 64 64 64 64 64 64 64 202
202 64 64 201 64 64 201 64 64 202
202 64 64 64 64 64 64 64 64 202
202 64 64 64 64 64 64 64 64 202
202 64 64 201 64 64 201 64 64 202
202 64 64 64 64 64 64 64 64 202
202 64 64 64 64 64 64 64 64 202
202 202 202 202 202 202 202 202 202 202


lat 265 1 0.0 0.0 10 10 1.3 
202 202 202 202 202 202 202 202 202 202
202 65 65 65 65 65 65 65 65 202
202 65 65 65 65 65 65 65 65 202
202 65 65 201 65 65 201 65 65 202
202 65 65 65 65 65 65 65 65 202
202 65 65 65 65 65 65 65 65 202
202 65 65 201 65 65 201 65 65 202
202 65 65 65 65 65 65 65 65 202
202 65 65 65 65 65 65 65 65 202
202 202 202 202 202 202 202 202 202 202


lat 266 1 0.0 0.0 10 10 1.3 
202 202 202 202 202 202 202 202 202 202
202 66 66 66 66 66 66 66 66 202
202 66 66 66 66 66 66 66 66 202
202 66 66 201 66 66 201 66 66 202
202 66 66 66 66 66 66 66 66 202
202 66 66 66 66 66 66 66 66 202
202 66 66 201 66 66 201 66 66 202
202 66 66 66 66 66 66 66 66 202
202 66 66 66 66 66 66 66 66 202
202 202 202 202 202 202 202 202 202 202


lat 267 1 0.0 0.0 10 10 1.3 
202 202 202 202 202 202 202 202 202 202
202 67 67 67 67 67 67 67 67 202
202 67 67 67 67 67 67 67 67 202
202 67 67 201 67 67 201 67 67 202
202 67 67 67 67 67 67 67 67 202
202 67 67 67 67 67 67 67 67 202
202 67 67 201 67 67 201 67 67 202
202 67 67 67 67 67 67 67 67 202
202 67 67 67 67 67 67 67 67 202
202 202 202 202 202 202 202 202 202 202


lat 268 1 0.0 0.0 10 10 1.3 
202 202 202 202 202 202 202 202 202 202
202 68 68 68 68 68 68 68 68 202
202 68 68 68 68 68 68 68 68 202
202 68 68 201 68 68 201 68 68 202
202 68 68 68 68 68 68 68 68 202
202 68 68 68 68 68 68 68 68 202
202 68 68 201 68 68 201 68 68 202
202 68 68 68 68 68 68 68 68 202
202 68 68 68 68 68 68 68 68 202
202 202 202 202 202 202 202 202 202 202


lat 269 1 0.0 0.0 10 10 1.3 
202 202 202 202 202 202 202 202 202 202
202 69 69 69 69 69 69 69 69 202
202 69 69 69 69 69 69 69 69 202
202 69 69 201 69 69 201 69 69 202
202 69 69 69 69 69 69 69 69 202
202 69 69 69 69 69 69 69 69 202
202 69 69 201 69 69 201 69 69 202
202 69 69 69 69 69 69 69 69 202
202 69 69 69 69 69 69 69 69 202
202 202 202 202 202 202 202 202 202 202


lat 270 1 0.0 0.0 10 10 1.3 
202 202 202 202 202 202 202 202 202 202
202 70 70 70 70 70 70 70 70 202
202 70 70 70 70 70 70 70 70 202
202 70 70 201 70 70 201 70 70 202
202 70 70 70 70 70 70 70 70 202
202 70 70 70 70 70 70 70 70 202
202 70 70 201 70 70 201 70 70 202
202 70 70 70 70 70 70 70 70 202
202 70 70 70 70 70 70 70 70 202
202 202 202 202 202 202 202 202 202 202


lat 271 1 0.0 0.0 10 10 1.3 
202 202 202 202 202 202 202 202 202 202
202 71 71 71 71 71 71 71 71 202
202 71 71 71 71 71 71 71 71 202
202 71 71 201 71 71 201 71 71 202
202 71 71 71 71 71 71 71 71 202
202 71 71 71 71 71 71 71 71 202
202 71 71 201 71 71 201 71 71 202
202 71 71 71 71 71 71 71 71 202
202 71 71 71 71 71 71 71 71 202
202 202 202 202 202 202 202 202 202 202


lat 272 1 0.0 0.0 10 10 1.3 
202 202 202 202 202 202 202 202 202 202
202 72 72 72 72 72 72 72 72 202
202 72 72 72 72 72 72 72 72 202
202 72 72 201 72 72 201 72 72 202
202 72 72 72 72 72 72 72 72 202
202 72 72 72 72 72 72 72 72 202
202 72 72 201 72 72 201 72 72 202
202 72 72 72 72 72 72 72 72 202
202 72 72 72 72 72 72 72 72 202
202 202 202 202 202 202 202 202 202 202


lat 273 1 0.0 0.0 10 10 1.3 
202 202 202 202 202 202 202 202 202 202
202 73 73 73 73 73 73 73 73 202
202 73 73 73 73 73 73 73 73 202
202 73 73 201 73 73 201 73 73 202
202 73 73 73 73 73 73 73 73 202
202 73 73 73 73 73 73 73 73 202
202 73 73 201 73 73 201 73 73 202
202 73 73 73 73 73 73 73 73 202
202 73 73 73 73 73 73 73 73 202
202 202 202 202 202 202 202 202 202 202


lat 274 1 0.0 0.0 10 10 1.3 
202 202 202 202 202 202 202 202 202 202
202 74 74 74 74 74 74 74 74 202
202 74 74 74 74 74 74 74 74 202
202 74 74 201 74 74 201 74 74 202
202 74 74 74 74 74 74 74 74 202
202 74 74 74 74 74 74 74 74 202
202 74 74 201 74 74 201 74 74 202
202 74 74 74 74 74 74 74 74 202
202 74 74 74 74 74 74 74 74 202
202 202 202 202 202 202 202 202 202 202


lat 275 1 0.0 0.0 10 10 1.3 
202 202 202 202 202 202 202 202 202 202
202 75 75 75 75 75 75 75 75 202
202 75 75 75 75 75 75 75 75 202
202 75 75 201 75 75 201 75 75 202
202 75 75 75 75 75 75 75 75 202
202 75 75 75 75 75 75 75 75 202
202 75 75 201 75 75 201 75 75 202
202 75 75 75 75 75 75 75 75 202
202 75 75 75 75 75 75 75 75 202
202 202 202 202 202 202 202 202 202 202


lat 276 1 0.0 0.0 10 10 1.3 
202 202 202 202 202 202 202 202 202 202
202 76 76 76 76 76 76 76 76 202
202 76 76 76 76 76 76 76 76 202
202 76 76 201 76 76 201 76 76 202
202 76 76 76 76 76 76 76 76 202
202 76 76 76 76 76 76 76 76 202
202 76 76 201 76 76 201 76 76 202
202 76 76 76 76 76 76 76 76 202
202 76 76 76 76 76 76 76 76 202
202 202 202 202 202 202 202 202 202 202


lat 277 1 0.0 0.0 10 10 1.3 
202 202 202 202 202 202 202 202 202 202
202 77 77 77 77 77 77 77 77 202
202 77 77 77 77 77 77 77 77 202
202 77 77 201 77 77 201 77 77 202
202 77 77 77 77 77 77 77 77 202
202 77 77 77 77 77 77 77 77 202
202 77 77 201 77 77 201 77 77 202
202 77 77 77 77 77 77 77 77 202
202 77 77 77 77 77 77 77 77 202
202 202 202 202 202 202 202 202 202 202


lat 278 1 0.0 0.0 10 10 1.3 
202 202 202 202 202 202 202 202 202 202
202 78 78 78 78 78 78 78 78 202
202 78 78 78 78 78 78 78 78 202
202 78 78 201 78 78 201 78 78 202
202 78 78 78 78 78 78 78 78 202
202 78 78 78 78 78 78 78 78 202
202 78 78 201 78 78 201 78 78 202
202 78 78 78 78 78 78 78 78 202
202 78 78 78 78 78 78 78 78 202
202 202 202 202 202 202 202 202 202 202


lat 279 1 0.0 0.0 10 10 1.3 
202 202 202 202 202 202 202 202 202 202
202 79 79 79 79 79 79 79 79 202
202 79 79 79 79 79 79 79 79 202
202 79 79 201 79 79 201 79 79 202
202 79 79 79 79 79 79 79 79 202
202 79 79 79 79 79 79 79 79 202
202 79 79 201 79 79 201 79 79 202
202 79 79 79 79 79 79 79 79 202
202 79 79 79 79 79 79 79 79 202
202 202 202 202 202 202 202 202 202 202


lat 280 1 0.0 0.0 10 10 1.3 
202 202 202 202 202 202 202 202 202 202
202 80 80 80 80 80 80 80 80 202
202 80 80 80 80 80 80 80 80 202
202 80 80 201 80 80 201 80 80 202
202 80 80 80 80 80 80 80 80 202
202 80 80 80 80 80 80 80 80 202
202 80 80 201 80 80 201 80 80 202
202 80 80 80 80 80 80 80 80 202
202 80 80 80 80 80 80 80 80 202
202 202 202 202 202 202 202 202 202 202


lat 281 1 0.0 0.0 10 10 1.3 
202 202 202 202 202 202 202 202 202 202
202 81 81 81 81 81 81 81 81 202
202 81 81 81 81 81 81 81 81 202
202 81 81 201 81 81 201 81 81 202
202 81 81 81 81 81 81 81 81 202
202 81 81 81 81 81 81 81 81 202
202 81 81 201 81 81 201 81 81 202
202 81 81 81 81 81 81 81 81 202
202 81 81 81 81 81 81 81 81 202
202 202 202 202 202 202 202 202 202 202


lat 282 1 0.0 0.0 10 10 1.3 
202 202 202 202 202 202 202 202 202 202
202 82 82 82 82 82 82 82 82 202
202 82 82 82 82 82 82 82 82 202
202 82 82 201 82 82 201 82 82 202
202 82 82 82 82 82 82 82 82 202
202 82 82 82 82 82 82 82 82 202
202 82 82 201 82 82 201 82 82 202
202 82 82 82 82 82 82 82 82 202
202 82 82 82 82 82 82 82 82 202
202 202 202 202 202 202 202 202 202 202


lat 283 1 0.0 0.0 10 10 1.3 
202 202 202 202 202 202 202 202 202 202
202 83 83 83 83 83 83 83 83 202
202 83 83 83 83 83 83 83 83 202
202 83 83 201 83 83 201 83 83 202
202 83 83 83 83 83 83 83 83 202
202 83 83 83 83 83 83 83 83 202
202 83 83 201 83 83 201 83 83 202
202 83 83 83 83 83 83 83 83 202
202 83 83 83 83 83 83 83 83 202
202 202 202 202 202 202 202 202 202 202


lat 284 1 0.0 0.0 10 10 1.3 
202 202 202 202 202 202 202 202 202 202
202 84 84 84 84 84 84 84 84 202
202 84 84 84 84 84 84 84 84 202
202 84 84 201 84 84 201 84 84 202
202 84 84 84 84 84 84 84 84 202
202 84 84 84 84 84 84 84 84 202
202 84 84 201 84 84 201 84 84 202
202 84 84 84 84 84 84 84 84 202
202 84 84 84 84 84 84 84 84 202
202 202 202 202 202 202 202 202 202 202


lat 285 1 0.0 0.0 10 10 1.3 
202 202 202 202 202 202 202 202 202 202
202 85 85 85 85 85 85 85 85 202
202 85 85 85 85 85 85 85 85 202
202 85 85 201 85 85 201 85 85 202
202 85 85 85 85 85 85 85 85 202
202 85 85 85 85 85 85 85 85 202
202 85 85 201 85 85 201 85 85 202
202 85 85 85 85 85 85 85 85 202
202 85 85 85 85 85 85 85 85 202
202 202 202 202 202 202 202 202 202 202


lat 286 1 0.0 0.0 10 10 1.3 
202 202 202 202 202 202 202 202 202 202
202 86 86 86 86 86 86 86 86 202
202 86 86 86 86 86 86 86 86 202
202 86 86 201 86 86 201 86 86 202
202 86 86 86 86 86 86 86 86 202
202 86 86 86 86 86 86 86 86 202
202 86 86 201 86 86 201 86 86 202
202 86 86 86 86 86 86 86 86 202
202 86 86 86 86 86 86 86 86 202
202 202 202 202 202 202 202 202 202 202


lat 287 1 0.0 0.0 10 10 1.3 
202 202 202 202 202 202 202 202 202 202
202 87 87 87 87 87 87 87 87 202
202 87 87 87 87 87 87 87 87 202
202 87 87 201 87 87 201 87 87 202
202 87 87 87 87 87 87 87 87 202
202 87 87 87 87 87 87 87 87 202
202 87 87 201 87 87 201 87 87 202
202 87 87 87 87 87 87 87 87 202
202 87 87 87 87 87 87 87 87 202
202 202 202 202 202 202 202 202 202 202


lat 288 1 0.0 0.0 10 10 1.3 
202 202 202 202 202 202 202 202 202 202
202 88 88 88 88 88 88 88 88 202
202 88 88 88 88 88 88 88 88 202
202 88 88 201 88 88 201 88 88 202
202 88 88 88 88 88 88 88 88 202
202 88 88 88 88 88 88 88 88 202
202 88 88 201 88 88 201 88 88 202
202 88 88 88 88 88 88 88 88 202
202 88 88 88 88 88 88 88 88 202
202 202 202 202 202 202 202 202 202 202


lat 289 1 0.0 0.0 10 10 1.3 
202 202 202 202 202 202 202 202 202 202
202 89 89 89 89 89 89 89 89 202
202 89 89 89 89 89 89 89 89 202
202 89 89 201 89 89 201 89 89 202
202 89 89 89 89 89 89 89 89 202
202 89 89 89 89 89 89 89 89 202
202 89 89 201 89 89 201 89 89 202
202 89 89 89 89 89 89 89 89 202
202 89 89 89 89 89 89 89 89 202
202 202 202 202 202 202 202 202 202 202


lat 290 1 0.0 0.0 10 10 1.3 
202 202 202 202 202 202 202 202 202 202
202 90 90 90 90 90 90 90 90 202
202 90 90 90 90 90 90 90 90 202
202 90 90 201 90 90 201 90 90 202
202 90 90 90 90 90 90 90 90 202
202 90 90 90 90 90 90 90 90 202
202 90 90 201 90 90 201 90 90 202
202 90 90 90 90 90 90 90 90 202
202 90 90 90 90 90 90 90 90 202
202 202 202 202 202 202 202 202 202 202


lat 291 1 0.0 0.0 10 10 1.3 
202 202 202 202 202 202 202 202 202 202
202 91 91 91 91 91 91 91 91 202
202 91 91 91 91 91 91 91 91 202
202 91 91 201 91 91 201 91 91 202
202 91 91 91 91 91 91 91 91 202
202 91 91 91 91 91 91 91 91 202
202 91 91 201 91 91 201 91 91 202
202 91 91 91 91 91 91 91 91 202
202 91 91 91 91 91 91 91 91 202
202 202 202 202 202 202 202 202 202 202


lat 292 1 0.0 0.0 10 10 1.3 
202 202 202 202 202 202 202 202 202 202
202 92 92 92 92 92 92 92 92 202
202 92 92 92 92 92 92 92 92 202
202 92 92 201 92 92 201 92 92 202
202 92 92 92 92 92 92 92 92 202
202 92 92 92 92 92 92 92 92 202
202 92 92 201 92 92 201 92 92 202
202 92 92 92 92 92 92 92 92 202
202 92 92 92 92 92 92 92 92 202
202 202 202 202 202 202 202 202 202 202


lat 293 1 0.0 0.0 10 10 1.3 
202 202 202 202 202 202 202 202 202 202
202 93 93 93 93 93 93 93 93 202
202 93 93 93 93 93 93 93 93 202
202 93 93 201 93 93 201 93 93 202
202 93 93 93 93 93 93 93 93 202
202 93 93 93 93 93 93 93 93 202
202 93 93 201 93 93 201 93 93 202
202 93 93 93 93 93 93 93 93 202
202 93 93 93 93 93 93 93 93 202
202 202 202 202 202 202 202 202 202 202


lat 294 1 0.0 0.0 10 10 1.3 
202 202 202 202 202 202 202 202 202 202
202 94 94 94 94 94 94 94 94 202
202 94 94 94 94 94 94 94 94 202
202 94 94 201 94 94 201 94 94 202
202 94 94 94 94 94 94 94 94 202
202 94 94 94 94 94 94 94 94 202
202 94 94 201 94 94 201 94 94 202
202 94 94 94 94 94 94 94 94 202
202 94 94 94 94 94 94 94 94 202
202 202 202 202 202 202 202 202 202 202


lat 295 1 0.0 0.0 10 10 1.3 
202 202 202 202 202 202 202 202 202 202
202 95 95 95 95 95 95 95 95 202
202 95 95 95 95 95 95 95 95 202
202 95 95 201 95 95 201 95 95 202
202 95 95 95 95 95 95 95 95 202
202 95 95 95 95 95 95 95 95 202
202 95 95 201 95 95 201 95 95 202
202 95 95 95 95 95 95 95 95 202
202 95 95 95 95 95 95 95 95 202
202 202 202 202 202 202 202 202 202 202


lat 296 1 0.0 0.0 10 10 1.3 
202 202 202 202 202 202 202 202 202 202
202 96 96 96 96 96 96 96 96 202
202 96 96 96 96 96 96 96 96 202
202 96 96 201 96 96 201 96 96 202
202 96 96 96 96 96 96 96 96 202
202 96 96 96 96 96 96 96 96 202
202 96 96 201 96 96 201 96 96 202
202 96 96 96 96 96 96 96 96 202
202 96 96 96 96 96 96 96 96 202
202 202 202 202 202 202 202 202 202 202


lat 297 1 0.0 0.0 10 10 1.3 
202 202 202 202 202 202 202 202 202 202
202 97 97 97 97 97 97 97 97 202
202 97 97 97 97 97 97 97 97 202
202 97 97 201 97 97 201 97 97 202
202 97 97 97 97 97 97 97 97 202
202 97 97 97 97 97 97 97 97 202
202 97 97 201 97 97 201 97 97 202
202 97 97 97 97 97 97 97 97 202
202 97 97 97 97 97 97 97 97 202
202 202 202 202 202 202 202 202 202 202


lat 298 1 0.0 0.0 10 10 1.3 
202 202 202 202 202 202 202 202 202 202
202 98 98 98 98 98 98 98 98 202
202 98 98 98 98 98 98 98 98 202
202 98 98 201 98 98 201 98 98 202
202 98 98 98 98 98 98 98 98 202
202 98 98 98 98 98 98 98 98 202
202 98 98 201 98 98 201 98 98 202
202 98 98 98 98 98 98 98 98 202
202 98 98 98 98 98 98 98 98 202
202 202 202 202 202 202 202 202 202 202


lat 299 1 0.0 0.0 10 10 1.3 
202 202 202 202 202 202 202 202 202 202
202 99 99 99 99 99 99 99 99 202
202 99 99 99 99 99 99 99 99 202
202 99 99 201 99 99 201 99 99 202
202 99 99 99 99 99 99 99 99 202
202 99 99 99 99 99 99 99 99 202
202 99 99 201 99 99 201 99 99 202
202 99 99 99 99 99 99 99 99 202
202 99 99 99 99 99 99 99 99 202
202 202 202 202 202 202 202 202 202 202


lat 300 1 0.0 0.0 10 10 1.3 
202 202 202 202 202 202 202 202 202 202
202 100 100 100 100 100 100 100 100 202
202 100 100 100 100 100 100 100 100 202
202 100 100 201 100 100 201 100 100 202
202 100 100 100 100 100 100 100 100 202
202 100 100 100 100 100 100 100 100 202
202 100 100 201 100 100 201 100 100 202
202 100 100 100 100 100 100 100 100 202
202 100 100 100 100 100 100 100 100 202
202 202 202 202 202 202 202 202 202 202


lat 301 1 0.0 0.0 10 10 1.3 
202 202 202 202 202 202 202 202 202 202
202 101 101 101 101 101 101 101 101 202
202 101 101 101 101 101 101 101 101 202
202 101 101 201 101 101 201 101 101 202
202 101 101 101 101 101 101 101 101 202
202 101 101 101 101 101 101 101 101 202
202 101 101 201 101 101 201 101 101 202
202 101 101 101 101 101 101 101 101 202
202 101 101 101 101 101 101 101 101 202
202 202 202 202 202 202 202 202 202 202


lat 302 1 0.0 0.0 10 10 1.3 
202 202 202 202 202 202 202 202 202 202
202 102 102 102 102 102 102 102 102 202
202 102 102 102 102 102 102 102 102 202
202 102 102 201 102 102 201 102 102 202
202 102 102 102 102 102 102 102 102 202
202 102 102 102 102 102 102 102 102 202
202 102 102 201 102 102 201 102 102 202
202 102 102 102 102 102 102 102 102 202
202 102 102 102 102 102 102 102 102 202
202 202 202 202 202 202 202 202 202 202


lat 303 1 0.0 0.0 10 10 1.3 
202 202 202 202 202 202 202 202 202 202
202 103 103 103 103 103 103 103 103 202
202 103 103 103 103 103 103 103 103 202
202 103 103 201 103 103 201 103 103 202
202 103 103 103 103 103 103 103 103 202
202 103 103 103 103 103 103 103 103 202
202 103 103 201 103 103 201 103 103 202
202 103 103 103 103 103 103 103 103 202
202 103 103 103 103 103 103 103 103 202
202 202 202 202 202 202 202 202 202 202


lat 304 1 0.0 0.0 10 10 1.3 
202 202 202 202 202 202 202 202 202 202
202 104 104 104 104 104 104 104 104 202
202 104 104 104 104 104 104 104 104 202
202 104 104 201 104 104 201 104 104 202
202 104 104 104 104 104 104 104 104 202
202 104 104 104 104 104 104 104 104 202
202 104 104 201 104 104 201 104 104 202
202 104 104 104 104 104 104 104 104 202
202 104 104 104 104 104 104 104 104 202
202 202 202 202 202 202 202 202 202 202


lat 305 1 0.0 0.0 10 10 1.3 
202 202 202 202 202 202 202 202 202 202
202 105 105 105 105 105 105 105 105 202
202 105 105 105 105 105 105 105 105 202
202 105 105 201 105 105 201 105 105 202
202 105 105 105 105 105 105 105 105 202
202 105 105 105 105 105 105 105 105 202
202 105 105 201 105 105 201 105 105 202
202 105 105 105 105 105 105 105 105 202
202 105 105 105 105 105 105 105 105 202
202 202 202 202 202 202 202 202 202 202


lat 306 1 0.0 0.0 10 10 1.3 
202 202 202 202 202 202 202 202 202 202
202 106 106 106 106 106 106 106 106 202
202 106 106 106 106 106 106 106 106 202
202 106 106 201 106 106 201 106 106 202
202 106 106 106 106 106 106 106 106 202
202 106 106 106 106 106 106 106 106 202
202 106 106 201 106 106 201 106 106 202
202 106 106 106 106 106 106 106 106 202
202 106 106 106 106 106 106 106 106 202
202 202 202 202 202 202 202 202 202 202


lat 307 1 0.0 0.0 10 10 1.3 
202 202 202 202 202 202 202 202 202 202
202 107 107 107 107 107 107 107 107 202
202 107 107 107 107 107 107 107 107 202
202 107 107 201 107 107 201 107 107 202
202 107 107 107 107 107 107 107 107 202
202 107 107 107 107 107 107 107 107 202
202 107 107 201 107 107 201 107 107 202
202 107 107 107 107 107 107 107 107 202
202 107 107 107 107 107 107 107 107 202
202 202 202 202 202 202 202 202 202 202


lat 308 1 0.0 0.0 10 10 1.3 
202 202 202 202 202 202 202 202 202 202
202 108 108 108 108 108 108 108 108 202
202 108 108 108 108 108 108 108 108 202
202 108 108 201 108 108 201 108 108 202
202 108 108 108 108 108 108 108 108 202
202 108 108 108 108 108 108 108 108 202
202 108 108 201 108 108 201 108 108 202
202 108 108 108 108 108 108 108 108 202
202 108 108 108 108 108 108 108 108 202
202 202 202 202 202 202 202 202 202 202


lat 309 1 0.0 0.0 10 10 1.3 
202 202 202 202 202 202 202 202 202 202
202 109 109 109 109 109 109 109 109 202
202 109 109 109 109 109 109 109 109 202
202 109 109 201 109 109 201 109 109 202
202 109 109 109 109 109 109 109 109 202
202 109 109 109 109 109 109 109 109 202
202 109 109 201 109 109 201 109 109 202
202 109 109 109 109 109 109 109 109 202
202 109 109 109 109 109 109 109 109 202
202 202 202 202 202 202 202 202 202 202


lat 310 1 0.0 0.0 10 10 1.3 
202 202 202 202 202 202 202 202 202 202
202 110 110 110 110 110 110 110 110 202
202 110 110 110 110 110 110 110 110 202
202 110 110 201 110 110 201 110 110 202
202 110 110 110 110 110 110 110 110 202
202 110 110 110 110 110 110 110 110 202
202 110 110 201 110 110 201 110 110 202
202 110 110 110 110 110 110 110 110 202
202 110 110 110 110 110 110 110 110 202
202 202 202 202 202 202 202 202 202 202


lat 311 1 0.0 0.0 10 10 1.3 
202 202 202 202 202 202 202 202 202 202
202 111 111 111 111 111 111 111 111 202
202 111 111 111 111 111 111 111 111 202
202 111 111 201 111 111 201 111 111 202
202 111 111 111 111 111 111 111 111 202
202 111 111 111 111 111 111 111 111 202
202 111 111 201 111 111 201 111 111 202
202 111 111 111 111 111 111 111 111 202
202 111 111 111 111 111 111 111 111 202
202 202 202 202 202 202 202 202 202 202


lat 312 1 0.0 0.0 10 10 1.3 
202 202 202 202 202 202 202 202 202 202
202 112 112 112 112 112 112 112 112 202
202 112 112 112 112 112 112 112 112 202
202 112 112 201 112 112 201 112 112 202
202 112 112 112 112 112 112 112 112 202
202 112 112 112 112 112 112 112 112 202
202 112 112 201 112 112 201 112 112 202
202 112 112 112 112 112 112 112 112 202
202 112 112 112 112 112 112 112 112 202
202 202 202 202 202 202 202 202 202 202


lat 313 1 0.0 0.0 10 10 1.3 
202 202 202 202 202 202 202 202 202 202
202 113 113 113 113 113 113 113 113 202
202 113 113 113 113 113 113 113 113 202
202 113 113 201 113 113 201 113 113 202
202 113 113 113 113 113 113 113 113 202
202 113 113 113 113 113 113 113 113 202
202 113 113 201 113 113 201 113 113 202
202 113 113 113 113 113 113 113 113 202
202 113 113 113 113 113 113 113 113 202
202 202 202 202 202 202 202 202 202 202


lat 314 1 0.0 0.0 10 10 1.3 
202 202 202 202 202 202 202 202 202 202
202 114 114 114 114 114 114 114 114 202
202 114 114 114 114 114 114 114 114 202
202 114 114 201 114 114 201 114 114 202
202 114 114 114 114 114 114 114 114 202
202 114 114 114 114 114 114 114 114 202
202 114 114 201 114 114 201 114 114 202
202 114 114 114 114 114 114 114 114 202
202 114 114 114 114 114 114 114 114 202
202 202 202 202 202 202 202 202 202 202


lat 315 1 0.0 0.0 10 10 1.3 
202 202 202 202 202 202 202 202 202 202
202 115 115 115 115 115 115 115 115 202
202 115 115 115 115 115 115 115 115 202
202 115 115 201 115 115 201 115 115 202
202 115 115 115 115 115 115 115 115 202
202 115 115 115 115 115 115 115 115 202
202 115 115 201 115 115 201 115 115 202
202 115 115 115 115 115 115 115 115 202
202 115 115 115 115 115 115 115 115 202
202 202 202 202 202 202 202 202 202 202


lat 316 1 0.0 0.0 10 10 1.3 
202 202 202 202 202 202 202 202 202 202
202 116 116 116 116 116 116 116 116 202
202 116 116 116 116 116 116 116 116 202
202 116 116 201 116 116 201 116 116 202
202 116 116 116 116 116 116 116 116 202
202 116 116 116 116 116 116 116 116 202
202 116 116 201 116 116 201 116 116 202
202 116 116 116 116 116 116 116 116 202
202 116 116 116 116 116 116 116 116 202
202 202 202 202 202 202 202 202 202 202


lat 317 1 0.0 0.0 10 10 1.3 
202 202 202 202 202 202 202 202 202 202
202 117 117 117 117 117 117 117 117 202
202 117 117 117 117 117 117 117 117 202
202 117 117 201 117 117 201 117 117 202
202 117 117 117 117 117 117 117 117 202
202 117 117 117 117 117 117 117 117 202
202 117 117 201 117 117 201 117 117 202
202 117 117 117 117 117 117 117 117 202
202 117 117 117 117 117 117 117 117 202
202 202 202 202 202 202 202 202 202 202


lat 318 1 0.0 0.0 10 10 1.3 
202 202 202 202 202 202 202 202 202 202
202 118 118 118 118 118 118 118 118 202
202 118 118 118 118 118 118 118 118 202
202 118 118 201 118 118 201 118 118 202
202 118 118 118 118 118 118 118 118 202
202 118 118 118 118 118 118 118 118 202
202 118 118 201 118 118 201 118 118 202
202 118 118 118 118 118 118 118 118 202
202 118 118 118 118 118 118 118 118 202
202 202 202 202 202 202 202 202 202 202


lat 319 1 0.0 0.0 10 10 1.3 
202 202 202 202 202 202 202 202 202 202
202 119 119 119 119 119 119 119 119 202
202 119 119 119 119 119 119 119 119 202
202 119 119 201 119 119 201 119 119 202
202 119 119 119 119 119 119 119 119 202
202 119 119 119 119 119 119 119 119 202
202 119 119 201 119 119 201 119 119 202
202 119 119 119 119 119 119 119 119 202
202 119 119 119 119 119 119 119 119 202
202 202 202 202 202 202 202 202 202 202


lat 320 1 0.0 0.0 10 10 1.3 
202 202 202 202 202 202 202 202 202 202
202 120 120 120 120 120 120 120 120 202
202 120 120 120 120 120 120 120 120 202
202 120 120 201 120 120 201 120 120 202
202 120 120 120 120 120 120 120 120 202
202 120 120 120 120 120 120 120 120 202
202 120 120 201 120 120 201 120 120 202
202 120 120 120 120 120 120 120 120 202
202 120 120 120 120 120 120 120 120 202
202 202 202 202 202 202 202 202 202 202


lat 321 1 0.0 0.0 10 10 1.3 
202 202 202 202 202 202 202 202 202 202
202 121 121 121 121 121 121 121 121 202
202 121 121 121 121 121 121 121 121 202
202 121 121 201 121 121 201 121 121 202
202 121 121 121 121 121 121 121 121 202
202 121 121 121 121 121 121 121 121 202
202 121 121 201 121 121 201 121 121 202
202 121 121 121 121 121 121 121 121 202
202 121 121 121 121 121 121 121 121 202
202 202 202 202 202 202 202 202 202 202


lat 322 1 0.0 0.0 10 10 1.3 
202 202 202 202 202 202 202 202 202 202
202 122 122 122 122 122 122 122 122 202
202 122 122 122 122 122 122 122 122 202
202 122 122 201 122 122 201 122 122 202
202 122 122 122 122 122 122 122 122 202
202 122 122 122 122 122 122 122 122 202
202 122 122 201 122 122 201 122 122 202
202 122 122 122 122 122 122 122 122 202
202 122 122 122 122 122 122 122 122 202
202 202 202 202 202 202 202 202 202 202


lat 323 1 0.0 0.0 10 10 1.3 
202 202 202 202 202 202 202 202 202 202
202 123 123 123 123 123 123 123 123 202
202 123 123 123 123 123 123 123 123 202
202 123 123 201 123 123 201 123 123 202
202 123 123 123 123 123 123 123 123 202
202 123 123 123 123 123 123 123 123 202
202 123 123 201 123 123 201 123 123 202
202 123 123 123 123 123 123 123 123 202
202 123 123 123 123 123 123 123 123 202
202 202 202 202 202 202 202 202 202 202


lat 324 1 0.0 0.0 10 10 1.3 
202 202 202 202 202 202 202 202 202 202
202 124 124 124 124 124 124 124 124 202
202 124 124 124 124 124 124 124 124 202
202 124 124 201 124 124 201 124 124 202
202 124 124 124 124 124 124 124 124 202
202 124 124 124 124 124 124 124 124 202
202 124 124 201 124 124 201 124 124 202
202 124 124 124 124 124 124 124 124 202
202 124 124 124 124 124 124 124 124 202
202 202 202 202 202 202 202 202 202 202


lat 325 1 0.0 0.0 10 10 1.3 
202 202 202 202 202 202 202 202 202 202
202 125 125 125 125 125 125 125 125 202
202 125 125 125 125 125 125 125 125 202
202 125 125 201 125 125 201 125 125 202
202 125 125 125 125 125 125 125 125 202
202 125 125 125 125 125 125 125 125 202
202 125 125 201 125 125 201 125 125 202
202 125 125 125 125 125 125 125 125 202
202 125 125 125 125 125 125 125 125 202
202 202 202 202 202 202 202 202 202 202


lat 326 1 0.0 0.0 10 10 1.3 
202 202 202 202 202 202 202 202 202 202
202 126 126 126 126 126 126 126 126 202
202 126 126 126 126 126 126 126 126 202
202 126 126 201 126 126 201 126 126 202
202 126 126 126 126 126 126 126 126 202
202 126 126 126 126 126 126 126 126 202
202 126 126 201 126 126 201 126 126 202
202 126 126 126 126 126 126 126 126 202
202 126 126 126 126 126 126 126 126 202
202 202 202 202 202 202 202 202 202 202


lat 327 1 0.0 0.0 10 10 1.3 
202 202 202 202 202 202 202 202 202 202
202 127 127 127 127 127 127 127 127 202
202 127 127 127 127 127 127 127 127 202
202 127 127 201 127 127 201 127 127 202
202 127 127 127 127 127 127 127 127 202
202 127 127 127 127 127 127 127 127 202
202 127 127 201 127 127 201 127 127 202
202 127 127 127 127 127 127 127 127 202
202 127 127 127 127 127 127 127 127 202
202 202 202 202 202 202 202 202 202 202


lat 328 1 0.0 0.0 10 10 1.3 
202 202 202 202 202 202 202 202 202 202
202 128 128 128 128 128 128 128 128 202
202 128 128 128 128 128 128 128 128 202
202 128 128 201 128 128 201 128 128 202
202 128 128 128 128 128 128 128 128 202
202 128 128 128 128 128 128 128 128 202
202 128 128 201 128 128 201 128 128 202
202 128 128 128 128 128 128 128 128 202
202 128 128 128 128 128 128 128 128 202
202 202 202 202 202 202 202 202 202 202


lat 329 1 0.0 0.0 10 10 1.3 
202 202 202 202 202 202 202 202 202 202
202 129 129 129 129 129 129 129 129 202
202 129 129 129 129 129 129 129 129 202
202 129 129 201 129 129 201 129 129 202
202 129 129 129 129 129 129 129 129 202
202 129 129 129 129 129 129 129 129 202
202 129 129 201 129 129 201 129 129 202
202 129 129 129 129 129 129 129 129 202
202 129 129 129 129 129 129 129 129 202
202 202 202 202 202 202 202 202 202 202


lat 330 1 0.0 0.0 10 10 1.3 
202 202 202 202 202 202 202 202 202 202
202 130 130 130 130 130 130 130 130 202
202 130 130 130 130 130 130 130 130 202
202 130 130 201 130 130 201 130 130 202
202 130 130 130 130 130 130 130 130 202
202 130 130 130 130 130 130 130 130 202
202 130 130 201 130 130 201 130 130 202
202 130 130 130 130 130 130 130 130 202
202 130 130 130 130 130 130 130 130 202
202 202 202 202 202 202 202 202 202 202


lat 331 1 0.0 0.0 10 10 1.3 
202 202 202 202 202 202 202 202 202 202
202 131 131 131 131 131 131 131 131 202
202 131 131 131 131 131 131 131 131 202
202 131 131 201 131 131 201 131 131 202
202 131 131 131 131 131 131 131 131 202
202 131 131 131 131 131 131 131 131 202
202 131 131 201 131 131 201 131 131 202
202 131 131 131 131 131 131 131 131 202
202 131 131 131 131 131 131 131 131 202
202 202 202 202 202 202 202 202 202 202


lat 332 1 0.0 0.0 10 10 1.3 
202 202 202 202 202 202 202 202 202 202
202 132 132 132 132 132 132 132 132 202
202 132 132 132 132 132 132 132 132 202
202 132 132 201 132 132 201 132 132 202
202 132 132 132 132 132 132 132 132 202
202 132 132 132 132 132 132 132 132 202
202 132 132 201 132 132 201 132 132 202
202 132 132 132 132 132 132 132 132 202
202 132 132 132 132 132 132 132 132 202
202 202 202 202 202 202 202 202 202 202


lat 333 1 0.0 0.0 10 10 1.3 
202 202 202 202 202 202 202 202 202 202
202 133 133 133 133 133 133 133 133 202
202 133 133 133 133 133 133 133 133 202
202 133 133 201 133 133 201 133 133 202
202 133 133 133 133 133 133 133 133 202
202 133 133 133 133 133 133 133 133 202
202 133 133 201 133 133 201 133 133 202
202 133 133 133 133 133 133 133 133 202
202 133 133 133 133 133 133 133 133 202
202 202 202 202 202 202 202 202 202 202


lat 334 1 0.0 0.0 10 10 1.3 
202 202 202 202 202 202 202 202 202 202
202 134 134 134 134 134 134 134 134 202
202 134 134 134 134 134 134 134 134 202
202 134 134 201 134 134 201 134 134 202
202 134 134 134 134 134 134 134 134 202
202 134 134 134 134 134 134 134 134 202
202 134 134 201 134 134 201 134 134 202
202 134 134 134 134 134 134 134 134 202
202 134 134 134 134 134 134 134 134 202
202 202 202 202 202 202 202 202 202 202


lat 335 1 0.0 0.0 10 10 1.3 
202 202 202 202 202 202 202 202 202 202
202 135 135 135 135 135 135 135 135 202
202 135 135 135 135 135 135 135 135 202
202 135 135 201 135 135 201 135 135 202
202 135 135 135 135 135 135 135 135 202
202 135 135 135 135 135 135 135 135 202
202 135 135 201 135 135 201 135 135 202
202 135 135 135 135 135 135 135 135 202
202 135 135 135 135 135 135 135 135 202
202 202 202 202 202 202 202 202 202 202


lat 336 1 0.0 0.0 10 10 1.3 
202 202 202 202 202 202 202 202 202 202
202 136 136 136 136 136 136 136 136 202
202 136 136 136 136 136 136 136 136 202
202 136 136 201 136 136 201 136 136 202
202 136 136 136 136 136 136 136 136 202
202 136 136 136 136 136 136 136 136 202
202 136 136 201 136 136 201 136 136 202
202 136 136 136 136 136 136 136 136 202
202 136 136 136 136 136 136 136 136 202
202 202 202 202 202 202 202 202 202 202


lat 337 1 0.0 0.0 10 10 1.3 
202 202 202 202 202 202 202 202 202 202
202 137 137 137 137 137 137 137 137 202
202 137 137 137 137 137 137 137 137 202
202 137 137 201 137 137 201 137 137 202
202 137 137 137 137 137 137 137 137 202
202 137 137 137 137 137 137 137 137 202
202 137 137 201 137 137 201 137 137 202
202 137 137 137 137 137 137 137 137 202
202 137 137 137 137 137 137 137 137 202
202 202 202 202 202 202 202 202 202 202


lat 338 1 0.0 0.0 10 10 1.3 
202 202 202 202 202 202 202 202 202 202
202 138 138 138 138 138 138 138 138 202
202 138 138 138 138 138 138 138 138 202
202 138 138 201 138 138 201 138 138 202
202 138 138 138 138 138 138 138 138 202
202 138 138 138 138 138 138 138 138 202
202 138 138 201 138 138 201 138 138 202
202 138 138 138 138 138 138 138 138 202
202 138 138 138 138 138 138 138 138 202
202 202 202 202 202 202 202 202 202 202


lat 339 1 0.0 0.0 10 10 1.3 
202 202 202 202 202 202 202 202 202 202
202 139 139 139 139 139 139 139 139 202
202 139 139 139 139 139 139 139 139 202
202 139 139 201 139 139 201 139 139 202
202 139 139 139 139 139 139 139 139 202
202 139 139 139 139 139 139 139 139 202
202 139 139 201 139 139 201 139 139 202
202 139 139 139 139 139 139 139 139 202
202 139 139 139 139 139 139 139 139 202
202 202 202 202 202 202 202 202 202 202


lat 340 1 0.0 0.0 10 10 1.3 
202 202 202 202 202 202 202 202 202 202
202 140 140 140 140 140 140 140 140 202
202 140 140 140 140 140 140 140 140 202
202 140 140 201 140 140 201 140 140 202
202 140 140 140 140 140 140 140 140 202
202 140 140 140 140 140 140 140 140 202
202 140 140 201 140 140 201 140 140 202
202 140 140 140 140 140 140 140 140 202
202 140 140 140 140 140 140 140 140 202
202 202 202 202 202 202 202 202 202 202


lat 341 1 0.0 0.0 10 10 1.3 
202 202 202 202 202 202 202 202 202 202
202 141 141 141 141 141 141 141 141 202
202 141 141 141 141 141 141 141 141 202
202 141 141 201 141 141 201 141 141 202
202 141 141 141 141 141 141 141 141 202
202 141 141 141 141 141 141 141 141 202
202 141 141 201 141 141 201 141 141 202
202 141 141 141 141 141 141 141 141 202
202 141 141 141 141 141 141 141 141 202
202 202 202 202 202 202 202 202 202 202


lat 342 1 0.0 0.0 10 10 1.3 
202 202 202 202 202 202 202 202 202 202
202 142 142 142 142 142 142 142 142 202
202 142 142 142 142 142 142 142 142 202
202 142 142 201 142 142 201 142 142 202
202 142 142 142 142 142 142 142 142 202
202 142 142 142 142 142 142 142 142 202
202 142 142 201 142 142 201 142 142 202
202 142 142 142 142 142 142 142 142 202
202 142 142 142 142 142 142 142 142 202
202 202 202 202 202 202 202 202 202 202


lat 343 1 0.0 0.0 10 10 1.3 
202 202 202 202 202 202 202 202 202 202
202 143 143 143 143 143 143 143 143 202
202 143 143 143 143 143 143 143 143 202
202 143 143 201 143 143 201 143 143 202
202 143 143 143 143 143 143 143 143 202
202 143 143 143 143 143 143 143 143 202
202 143 143 201 143 143 201 143 143 202
202 143 143 143 143 143 143 143 143 202
202 143 143 143 143 143 143 143 143 202
202 202 202 202 202 202 202 202 202 202


lat 344 1 0.0 0.0 10 10 1.3 
202 202 202 202 202 202 202 202 202 202
202 144 144 144 144 144 144 144 144 202
202 144 144 144 144 144 144 144 144 202
202 144 144 201 144 144 201 144 144 202
202 144 144 144 144 144 144 144 144 202
202 144 144 144 144 144 144 144 144 202
202 144 144 201 144 144 201 144 144 202
202 144 144 144 144 144 144 144 144 202
202 144 144 144 144 144 144 144 144 202
202 202 202 202 202 202 202 202 202 202


lat 345 1 0.0 0.0 10 10 1.3 
202 202 202 202 202 202 202 202 202 202
202 145 145 145 145 145 145 145 145 202
202 145 145 145 145 145 145 145 145 202
202 145 145 201 145 145 201 145 145 202
202 145 145 145 145 145 145 145 145 202
202 145 145 145 145 145 145 145 145 202
202 145 145 201 145 145 201 145 145 202
202 145 145 145 145 145 145 145 145 202
202 145 145 145 145 145 145 145 145 202
202 202 202 202 202 202 202 202 202 202


lat 346 1 0.0 0.0 10 10 1.3 
202 202 202 202 202 202 202 202 202 202
202 146 146 146 146 146 146 146 146 202
202 146 146 146 146 146 146 146 146 202
202 146 146 201 146 146 201 146 146 202
202 146 146 146 146 146 146 146 146 202
202 146 146 146 146 146 146 146 146 202
202 146 146 201 146 146 201 146 146 202
202 146 146 146 146 146 146 146 146 202
202 146 146 146 146 146 146 146 146 202
202 202 202 202 202 202 202 202 202 202


lat 347 1 0.0 0.0 10 10 1.3 
202 202 202 202 202 202 202 202 202 202
202 147 147 147 147 147 147 147 147 202
202 147 147 147 147 147 147 147 147 202
202 147 147 201 147 147 201 147 147 202
202 147 147 147 147 147 147 147 147 202
202 147 147 147 147 147 147 147 147 202
202 147 147 201 147 147 201 147 147 202
202 147 147 147 147 147 147 147 147 202
202 147 147 147 147 147 147 147 147 202
202 202 202 202 202 202 202 202 202 202


lat 348 1 0.0 0.0 10 10 1.3 
202 202 202 202 202 202 202 202 202 202
202 148 148 148 148 148 148 148 148 202
202 148 148 148 148 148 148 148 148 202
202 148 148 201 148 148 201 148 148 202
202 148 148 148 148 148 148 148 148 202
202 148 148 148 148 148 148 148 148 202
202 148 148 201 148 148 201 148 148 202
202 148 148 148 148 148 148 148 148 202
202 148 148 148 148 148 148 148 148 202
202 202 202 202 202 202 202 202 202 202


lat 349 1 0.0 0.0 10 10 1.3 
202 202 202 202 202 202 202 202 202 202
202 149 149 149 149 149 149 149 149 202
202 149 149 149 149 149 149 149 149 202
202 149 149 201 149 149 201 149 149 202
202 149 149 149 149 149 149 149 149 202
202 149 149 149 149 149 149 149 149 202
202 149 149 201 149 149 201 149 149 202
202 149 149 149 149 149 149 149 149 202
202 149 149 149 149 149 149 149 149 202
202 202 202 202 202 202 202 202 202 202


lat 350 1 0.0 0.0 10 10 1.3 
202 202 202 202 202 202 202 202 202 202
202 150 150 150 150 150 150 150 150 202
202 150 150 150 150 150 150 150 150 202
202 150 150 201 150 150 201 150 150 202
202 150 150 150 150 150 150 150 150 202
202 150 150 150 150 150 150 150 150 202
202 150 150 201 150 150 201 150 150 202
202 150 150 150 150 150 150 150 150 202
202 150 150 150 150 150 150 150 150 202
202 202 202 202 202 202 202 202 202 202


lat 351 1 0.0 0.0 10 10 1.3 
202 202 202 202 202 202 202 202 202 202
202 151 151 151 151 151 151 151 151 202
202 151 151 151 151 151 151 151 151 202
202 151 151 201 151 151 201 151 151 202
202 151 151 151 151 151 151 151 151 202
202 151 151 151 151 151 151 151 151 202
202 151 151 201 151 151 201 151 151 202
202 151 151 151 151 151 151 151 151 202
202 151 151 151 151 151 151 151 151 202
202 202 202 202 202 202 202 202 202 202


lat 352 1 0.0 0.0 10 10 1.3 
202 202 202 202 202 202 202 202 202 202
202 152 152 152 152 152 152 152 152 202
202 152 152 152 152 152 152 152 152 202
202 152 152 201 152 152 201 152 152 202
202 152 152 152 152 152 152 152 152 202
202 152 152 152 152 152 152 152 152 202
202 152 152 201 152 152 201 152 152 202
202 152 152 152 152 152 152 152 152 202
202 152 152 152 152 152 152 152 152 202
202 202 202 202 202 202 202 202 202 202


lat 353 1 0.0 0.0 10 10 1.3 
202 202 202 202 202 202 202 202 202 202
202 153 153 153 153 153 153 153 153 202
202 153 153 153 153 153 153 153 153 202
202 153 153 201 153 153 201 153 153 202
202 153 153 153 153 153 153 153 153 202
202 153 153 153 153 153 153 153 153 202
202 153 153 201 153 153 201 153 153 202
202 153 153 153 153 153 153 153 153 202
202 153 153 153 153 153 153 153 153 202
202 202 202 202 202 202 202 202 202 202


lat 354 1 0.0 0.0 10 10 1.3 
202 202 202 202 202 202 202 202 202 202
202 154 154 154 154 154 154 154 154 202
202 154 154 154 154 154 154 154 154 202
202 154 154 201 154 154 201 154 154 202
202 154 154 154 154 154 154 154 154 202
202 154 154 154 154 154 154 154 154 202
202 154 154 201 154 154 201 154 154 202
202 154 154 154 154 154 154 154 154 202
202 154 154 154 154 154 154 154 154 202
202 202 202 202 202 202 202 202 202 202


lat 355 1 0.0 0.0 10 10 1.3 
202 202 202 202 202 202 202 202 202 202
202 155 155 155 155 155 155 155 155 202
202 155 155 155 155 155 155 155 155 202
202 155 155 201 155 155 201 155 155 202
202 155 155 155 155 155 155 155 155 202
202 155 155 155 155 155 155 155 155 202
202 155 155 201 155 155 201 155 155 202
202 155 155 155 155 155 155 155 155 202
202 155 155 155 155 155 155 155 155 202
202 202 202 202 202 202 202 202 202 202


lat 356 1 0.0 0.0 10 10 1.3 
202 202 202 202 202 202 202 202 202 202
202 156 156 156 156 156 156 156 156 202
202 156 156 156 156 156 156 156 156 202
202 156 156 201 156 156 201 156 156 202
202 156 156 156 156 156 156 156 156 202
202 156 156 156 156 156 156 156 156 202
202 156 156 201 156 156 201 156 156 202
202 156 156 156 156 156 156 156 156 202
202 156 156 156 156 156 156 156 156 202
202 202 202 202 202 202 202 202 202 202


lat 357 1 0.0 0.0 10 10 1.3 
202 202 202 202 202 202 202 202 202 202
202 157 157 157 157 157 157 157 157 202
202 157 157 157 157 157 157 157 157 202
202 157 157 201 157 157 201 157 157 202
202 157 157 157 157 157 157 157 157 202
202 157 157 157 157 157 157 157 157 202
202 157 157 201 157 157 201 157 157 202
202 157 157 157 157 157 157 157 157 202
202 157 157 157 157 157 157 157 157 202
202 202 202 202 202 202 202 202 202 202


lat 358 1 0.0 0.0 10 10 1.3 
202 202 202 202 202 202 202 202 202 202
202 158 158 158 158 158 158 158 158 202
202 158 158 158 158 158 158 158 158 202
202 158 158 201 158 158 201 158 158 202
202 158 158 158 158 158 158 158 158 202
202 158 158 158 158 158 158 158 158 202
202 158 158 201 158 158 201 158 158 202
202 158 158 158 158 158 158 158 158 202
202 158 158 158 158 158 158 158 158 202
202 202 202 202 202 202 202 202 202 202


lat 359 1 0.0 0.0 10 10 1.3 
202 202 202 202 202 202 202 202 202 202
202 159 159 159 159 159 159 159 159 202
202 159 159 159 159 159 159 159 159 202
202 159 159 201 159 159 201 159 159 202
202 159 159 159 159 159 159 159 159 202
202 159 159 159 159 159 159 159 159 202
202 159 159 201 159 159 201 159 159 202
202 159 159 159 159 159 159 159 159 202
202 159 159 159 159 159 159 159 159 202
202 202 202 202 202 202 202 202 202 202


lat 360 1 0.0 0.0 10 10 1.3 
202 202 202 202 202 202 202 202 202 202
202 160 160 160 160 160 160 160 160 202
202 160 160 160 160 160 160 160 160 202
202 160 160 201 160 160 201 160 160 202
202 160 160 160 160 160 160 160 160 202
202 160 160 160 160 160 160 160 160 202
202 160 160 201 160 160 201 160 160 202
202 160 160 160 160 160 160 160 160 202
202 160 160 160 160 160 160 160 160 202
202 202 202 202 202 202 202 202 202 202


lat 361 1 0.0 0.0 10 10 1.3 
202 202 202 202 202 202 202 202 202 202
202 161 161 161 161 161 161 161 161 202
202 161 161 161 161 161 161 161 161 202
202 161 161 201 161 161 201 161 161 202
202 161 161 161 161 161 161 161 161 202
202 161 161 161 161 161 161 161 161 202
202 161 161 201 161 161 201 161 161 202
202 161 161 161 161 161 161 161 161 202
202 161 161 161 161 161 161 161 161 202
202 202 202 202 202 202 202 202 202 202


lat 362 1 0.0 0.0 10 10 1.3 
202 202 202 202 202 202 202 202 202 202
202 162 162 162 162 162 162 162 162 202
202 162 162 162 162 162 162 162 162 202
202 162 162 201 162 162 201 162 162 202
202 162 162 162 162 162 162 162 162 202
202 162 162 162 162 162 162 162 162 202
202 162 162 201 162 162 201 162 162 202
202 162 162 162 162 162 162 162 162 202
202 162 162 162 162 162 162 162 162 202
202 202 202 202 202 202 202 202 202 202


lat 363 1 0.0 0.0 10 10 1.3 
202 202 202 202 202 202 202 202 202 202
202 163 163 163 163 163 163 163 163 202
202 163 163 163 163 163 163 163 163 202
202 163 163 201 163 163 201 163 163 202
202 163 163 163 163 163 163 163 163 202
202 163 163 163 163 163 163 163 163 202
202 163 163 201 163 163 201 163 163 202
202 163 163 163 163 163 163 163 163 202
202 163 163 163 163 163 163 163 163 202
202 202 202 202 202 202 202 202 202 202


lat 364 1 0.0 0.0 10 10 1.3 
202 202 202 202 202 202 202 202 202 202
202 164 164 164 164 164 164 164 164 202
202 164 164 164 164 164 164 164 164 202
202 164 164 201 164 164 201 164 164 202
202 164 164 164 164 164 164 164 164 202
202 164 164 164 164 164 164 164 164 202
202 164 164 201 164 164 201 164 164 202
202 164 164 164 164 164 164 164 164 202
202 164 164 164 164 164 164 164 164 202
202 202 202 202 202 202 202 202 202 202


lat 365 1 0.0 0.0 10 10 1.3 
202 202 202 202 202 202 202 202 202 202
202 165 165 165 165 165 165 165 165 202
202 165 165 165 165 165 165 165 165 202
202 165 165 201 165 165 201 165 165 202
202 165 165 165 165 165 165 165 165 202
202 165 165 165 165 165 165 165 165 202
202 165 165 201 165 165 201 165 165 202
202 165 165 165 165 165 165 165 165 202
202 165 165 165 165 165 165 165 165 202
202 202 202 202 202 202 202 202 202 202


lat 366 1 0.0 0.0 10 10 1.3 
202 202 202 202 202 202 202 202 202 202
202 166 166 166 166 166 166 166 166 202
202 166 166 166 166 166 166 166 166 202
202 166 166 201 166 166 201 166 166 202
202 166 166 166 166 166 166 166 166 202
202 166 166 166 166 166 166 166 166 202
202 166 166 201 166 166 201 166 166 202
202 166 166 166 166 166 166 166 166 202
202 166 166 166 166 166 166 166 166 202
202 202 202 202 202 202 202 202 202 202


lat 367 1 0.0 0.0 10 10 1.3 
202 202 202 202 202 202 202 202 202 202
202 167 167 167 167 167 167 167 167 202
202 167 167 167 167 167 167 167 167 202
202 167 167 201 167 167 201 167 167 202
202 167 167 167 167 167 167 167 167 202
202 167 167 167 167 167 167 167 167 202
202 167 167 201 167 167 201 167 167 202
202 167 167 167 167 167 167 167 167 202
202 167 167 167 167 167 167 167 167 202
202 202 202 202 202 202 202 202 202 202


lat 368 1 0.0 0.0 10 10 1.3 
202 202 202 202 202 202 202 202 202 202
202 168 168 168 168 168 168 168 168 202
202 168 168 168 168 168 168 168 168 202
202 168 168 201 168 168 201 168 168 202
202 168 168 168 168 168 168 168 168 202
202 168 168 168 168 168 168 168 168 202
202 168 168 201 168 168 201 168 168 202
202 168 168 168 168 168 168 168 168 202
202 168 168 168 168 168 168 168 168 202
202 202 202 202 202 202 202 202 202 202


lat 369 1 0.0 0.0 10 10 1.3 
202 202 202 202 202 202 202 202 202 202
202 169 169 169 169 169 169 169 169 202
202 169 169 169 169 169 169 169 169 202
202 169 169 201 169 169 201 169 169 202
202 169 169 169 169 169 169 169 169 202
202 169 169 169 169 169 169 169 169 202
202 169 169 201 169 169 201 169 169 202
202 169 169 169 169 169 169 169 169 202
202 169 169 169 169 169 169 169 169 202
202 202 202 202 202 202 202 202 202 202


lat 370 1 0.0 0.0 10 10 1.3 
202 202 202 202 202 202 202 202 202 202
202 170 170 170 170 170 170 170 170 202
202 170 170 170 170 170 170 170 170 202
202 170 170 201 170 170 201 170 170 202
202 170 170 170 170 170 170 170 170 202
202 170 170 170 170 170 170 170 170 202
202 170 170 201 170 170 201 170 170 202
202 170 170 170 170 170 170 170 170 202
202 170 170 170 170 170 170 170 170 202
202 202 202 202 202 202 202 202 202 202


lat 371 1 0.0 0.0 10 10 1.3 
202 202 202 202 202 202 202 202 202 202
202 171 171 171 171 171 171 171 171 202
202 171 171 171 171 171 171 171 171 202
202 171 171 201 171 171 201 171 171 202
202 171 171 171 171 171 171 171 171 202
202 171 171 171 171 171 171 171 171 202
202 171 171 201 171 171 201 171 171 202
202 171 171 171 171 171 171 171 171 202
202 171 171 171 171 171 171 171 171 202
202 202 202 202 202 202 202 202 202 202


lat 372 1 0.0 0.0 10 10 1.3 
202 202 202 202 202 202 202 202 202 202
202 172 172 172 172 172 172 172 172 202
202 172 172 172 172 172 172 172 172 202
202 172 172 201 172 172 201 172 172 202
202 172 172 172 172 172 172 172 172 202
202 172 172 172 172 172 172 172 172 202
202 172 172 201 172 172 201 172 172 202
202 172 172 172 172 172 172 172 172 202
202 172 172 172 172 172 172 172 172 202
202 202 202 202 202 202 202 202 202 202


lat 373 1 0.0 0.0 10 10 1.3 
202 202 202 202 202 202 202 202 202 202
202 173 173 173 173 173 173 173 173 202
202 173 173 173 173 173 173 173 173 202
202 173 173 201 173 173 201 173 173 202
202 173 173 173 173 173 173 173 173 202
202 173 173 173 173 173 173 173 173 202
202 173 173 201 173 173 201 173 173 202
202 173 173 173 173 173 173 173 173 202
202 173 173 173 173 173 173 173 173 202
202 202 202 202 202 202 202 202 202 202


lat 374 1 0.0 0.0 10 10 1.3 
202 202 202 202 202 202 202 202 202 202
202 174 174 174 174 174 174 174 174 202
202 174 174 174 174 174 174 174 174 202
202 174 174 201 174 174 201 174 174 202
202 174 174 174 174 174 174 174 174 202
202 174 174 174 174 174 174 174 174 202
202 174 174 201 174 174 201 174 174 202
202 174 174 174 174 174 174 174 174 202
202 174 174 174 174 174 174 174 174 202
202 202 202 202 202 202 202 202 202 202


lat 375 1 0.0 0.0 10 10 1.3 
202 202 202 202 202 202 202 202 202 202
202 175 175 175 175 175 175 175 175 202
202 175 175 175 175 175 175 175 175 202
202 175 175 201 175 175 201 175 175 202
202 175 175 175 175 175 175 175 175 202
202 175 175 175 175 175 175 175 175 202
202 175 175 201 175 175 201 175 175 202
202 175 175 175 175 175 175 175 175 202
202 175 175 175 175 175 175 175 175 202
202 202 202 202 202 202 202 202 202 202


lat 376 1 0.0 0.0 10 10 1.3 
202 202 202 202 202 202 202 202 202 202
202 176 176 176 176 176 176 176 176 202
202 176 176 176 176 176 176 176 176 202
202 176 176 201 176 176 201 176 176 202
202 176 176 176 176 176 176 176 176 202
202 176 176 176 176 176 176 176 176 202
202 176 176 201 176 176 201 176 176 202
202 176 176 176 176 176 176 176 176 202
202 176 176 176 176 176 176 176 176 202
202 202 202 202 202 202 202 202 202 202


lat 377 1 0.0 0.0 10 10 1.3 
202 202 202 202 202 202 202 202 202 202
202 177 177 177 177 177 177 177 177 202
202 177 177 177 177 177 177 177 177 202
202 177 177 201 177 177 201 177 177 202
202 177 177 177 177 177 177 177 177 202
202 177 177 177 177 177 177 177 177 202
202 177 177 201 177 177 201 177 177 202
202 177 177 177 177 177 177 177 177 202
202 177 177 177 177 177 177 177 177 202
202 202 202 202 202 202 202 202 202 202


lat 378 1 0.0 0.0 10 10 1.3 
202 202 202 202 202 202 202 202 202 202
202 178 178 178 178 178 178 178 178 202
202 178 178 178 178 178 178 178 178 202
202 178 178 201 178 178 201 178 178 202
202 178 178 178 178 178 178 178 178 202
202 178 178 178 178 178 178 178 178 202
202 178 178 201 178 178 201 178 178 202
202 178 178 178 178 178 178 178 178 202
202 178 178 178 178 178 178 178 178 202
202 202 202 202 202 202 202 202 202 202


lat 379 1 0.0 0.0 10 10 1.3 
202 202 202 202 202 202 202 202 202 202
202 179 179 179 179 179 179 179 179 202
202 179 179 179 179 179 179 179 179 202
202 179 179 201 179 179 201 179 179 202
202 179 179 179 179 179 179 179 179 202
202 179 179 179 179 179 179 179 179 202
202 179 179 201 179 179 201 179 179 202
202 179 179 179 179 179 179 179 179 202
202 179 179 179 179 179 179 179 179 202
202 202 202 202 202 202 202 202 202 202


lat 380 1 0.0 0.0 10 10 1.3 
202 202 202 202 202 202 202 202 202 202
202 180 180 180 180 180 180 180 180 202
202 180 180 180 180 180 180 180 180 202
202 180 180 201 180 180 201 180 180 202
202 180 180 180 180 180 180 180 180 202
202 180 180 180 180 180 180 180 180 202
202 180 180 201 180 180 201 180 180 202
202 180 180 180 180 180 180 180 180 202
202 180 180 180 180 180 180 180 180 202
202 202 202 202 202 202 202 202 202 202


lat 381 1 0.0 0.0 10 10 1.3 
202 202 202 202 202 202 202 202 202 202
202 181 181 181 181 181 181 181 181 202
202 181 181 181 181 181 181 181 181 202
202 181 181 201 181 181 201 181 181 202
202 181 181 181 181 181 181 181 181 202
202 181 181 181 181 181 181 181 181 202
202 181 181 201 181 181 201 181 181 202
202 181 181 181 181 181 181 181 181 202
202 181 181 181 181 181 181 181 181 202
202 202 202 202 202 202 202 202 202 202


lat 382 1 0.0 0.0 10 10 1.3 
202 202 202 202 202 202 202 202 202 202
202 182 182 182 182 182 182 182 182 202
202 182 182 182 182 182 182 182 182 202
202 182 182 201 182 182 201 182 182 202
202 182 182 182 182 182 182 182 182 202
202 182 182 182 182 182 182 182 182 202
202 182 182 201 182 182 201 182 182 202
202 182 182 182 182 182 182 182 182 202
202 182 182 182 182 182 182 182 182 202
202 202 202 202 202 202 202 202 202 202


lat 383 1 0.0 0.0 10 10 1.3 
202 202 202 202 202 202 202 202 202 202
202 183 183 183 183 183 183 183 183 202
202 183 183 183 183 183 183 183 183 202
202 183 183 201 183 183 201 183 183 202
202 183 183 183 183 183 183 183 183 202
202 183 183 183 183 183 183 183 183 202
202 183 183 201 183 183 201 183 183 202
202 183 183 183 183 183 183 183 183 202
202 183 183 183 183 183 183 183 183 202
202 202 202 202 202 202 202 202 202 202


lat 384 1 0.0 0.0 10 10 1.3 
202 202 202 202 202 202 202 202 202 202
202 184 184 184 184 184 184 184 184 202
202 184 184 184 184 184 184 184 184 202
202 184 184 201 184 184 201 184 184 202
202 184 184 184 184 184 184 184 184 202
202 184 184 184 184 184 184 184 184 202
202 184 184 201 184 184 201 184 184 202
202 184 184 184 184 184 184 184 184 202
202 184 184 184 184 184 184 184 184 202
202 202 202 202 202 202 202 202 202 202


lat 385 1 0.0 0.0 10 10 1.3 
202 202 202 202 202 202 202 202 202 202
202 185 185 185 185 185 185 185 185 202
202 185 185 185 185 185 185 185 185 202
202 185 185 201 185 185 201 185 185 202
202 185 185 185 185 185 185 185 185 202
202 185 185 185 185 185 185 185 185 202
202 185 185 201 185 185 201 185 185 202
202 185 185 185 185 185 185 185 185 202
202 185 185 185 185 185 185 185 185 202
202 202 202 202 202 202 202 202 202 202


lat 386 1 0.0 0.0 10 10 1.3 
202 202 202 202 202 202 202 202 202 202
202 186 186 186 186 186 186 186 186 202
202 186 186 186 186 186 186 186 186 202
202 186 186 201 186 186 201 186 186 202
202 186 186 186 186 186 186 186 186 202
202 186 186 186 186 186 186 186 186 202
202 186 186 201 186 186 201 186 186 202
202 186 186 186 186 186 186 186 186 202
202 186 186 186 186 186 186 186 186 202
202 202 202 202 202 202 202 202 202 202


lat 387 1 0.0 0.0 10 10 1.3 
202 202 202 202 202 202 202 202 202 202
202 187 187 187 187 187 187 187 187 202
202 187 187 187 187 187 187 187 187 202
202 187 187 201 187 187 201 187 187 202
202 187 187 187 187 187 187 187 187 202
202 187 187 187 187 187 187 187 187 202
202 187 187 201 187 187 201 187 187 202
202 187 187 187 187 187 187 187 187 202
202 187 187 187 187 187 187 187 187 202
202 202 202 202 202 202 202 202 202 202


lat 388 1 0.0 0.0 10 10 1.3 
202 202 202 202 202 202 202 202 202 202
202 188 188 188 188 188 188 188 188 202
202 188 188 188 188 188 188 188 188 202
202 188 188 201 188 188 201 188 188 202
202 188 188 188 188 188 188 188 188 202
202 188 188 188 188 188 188 188 188 202
202 188 188 201 188 188 201 188 188 202
202 188 188 188 188 188 188 188 188 202
202 188 188 188 188 188 188 188 188 202
202 202 202 202 202 202 202 202 202 202


lat 389 1 0.0 0.0 10 10 1.3 
202 202 202 202 202 202 202 202 202 202
202 189 189 189 189 189 189 189 189 202
202 189 189 189 189 189 189 189 189 202
202 189 189 201 189 189 201 189 189 202
202 189 189 189 189 189 189 189 189 202
202 189 189 189 189 189 189 189 189 202
202 189 189 201 189 189 201 189 189 202
202 189 189 189 189 189 189 189 189 202
202 189 189 189 189 189 189 189 189 202
202 202 202 202 202 202 202 202 202 202


lat 390 1 0.0 0.0 10 10 1.3 
202 202 202 202 202 202 202 202 202 202
202 190 190 190 190 190 190 190 190 202
202 190 190 190 190 190 190 190 190 202
202 190 190 201 190 190 201 190 190 202
202 190 190 190 190 190 190 190 190 202
202 190 190 190 190 190 190 190 190 202
202 190 190 201 190 190 201 190 190 202
202 190 190 190 190 190 190 190 190 202
202 190 190 190 190 190 190 190 190 202
202 202 202 202 202 202 202 202 202 202


