
lat 400 1 0.0 0.0 22 22 13
203 203 203 203 203 203 203 203 203 203 203 203 203 203 203 203 203 203 203 203 203 203
203 203 203 203 203 203 203 203 203 203 203 203 203 203 203 203 203 203 203 203 203 203
203 203 203 203 203 203 203 203 203 203 203 203 203 203 203 203 203 203 203 203 203 203
203 203 203 203 203 203 203 203 203 211 212 213 214 203 203 203 203 203 203 203 203 203
203 203 203 203 203 203 203 203 215 216 271 272 217 218 203 203 203 203 203 203 203 203
203 203 203 203 203 203 219 220 221 273 274 275 276 222 223 224 203 203 203 203 203 203
203 203 203 203 203 225 226 277 278 279 331 332 280 281 282 227 228 203 203 203 203 203
203 203 203 203 203 229 283 284 285 333 334 335 336 286 287 288 230 203 203 203 203 203
203 203 203 203 231 232 289 290 337 338 339 340 341 342 291 292 233 234 203 203 203 203
203 203 203 235 236 293 294 343 344 345 346 347 348 349 350 295 296 237 238 203 203 203
203 203 203 239 297 298 351 352 353 354 355 356 357 358 359 360 299 300 240 203 203 203
203 203 203 241 301 302 361 362 363 364 365 366 367 368 369 370 303 304 242 203 203 203
203 203 203 243 244 305 306 371 372 373 374 375 376 377 378 307 308 245 246 203 203 203
203 203 203 203 247 248 309 310 379 380 381 382 383 384 311 312 249 250 203 203 203 203
203 203 203 203 203 251 313 314 315 385 386 387 388 316 317 318 252 203 203 203 203 203
203 203 203 203 203 253 254 319 320 321 389 390 322 323 324 255 256 203 203 203 203 203
203 203 203 203 203 203 257 258 259 325 326 327 328 260 261 262 203 203 203 203 203 203
203 203 203 203 203 203 203 203 263 264 329 330 265 266 203 203 203 203 203 203 203 203
203 203 203 203 203 203 203 203 203 267 268 269 270 203 203 203 203 203 203 203 203 203
203 203 203 203 203 203 203 203 203 203 203 203 203 203 203 203 203 203 203 203 203 203
203 203 203 203 203 203 203 203 203 203 203 203 203 203 203 203 203 203 203 203 203 203
203 203 203 203 203 203 203 203 203 203 203 203 203 203 203 203 203 203 203 203 203 203
